#           M M*dndlog10m_ dndlog10m_3778      f(sig)_  lnsigma_3778        mgtm_       mltm_  neff_3778  sigma_3778
  1.00000e+03  1.32467e+09    1.32467e+06  5.11688e-02     -4.574948  7.30857e+10 6.79932e+07  -2.189829   97.022948
  1.12202e+03  1.39506e+09    1.24334e+06  5.15313e-02     -4.559045  7.30177e+10 1.39497e+08  -2.152786   95.492253
  1.25893e+03  1.46512e+09    1.16378e+06  5.19130e-02     -4.542441  7.29462e+10 2.14476e+08  -2.116780   93.919790
  1.41254e+03  1.53403e+09    1.08601e+06  5.23136e-02     -4.525160  7.28712e+10 2.92849e+08  -2.082317   92.310711
  1.58489e+03  1.60088e+09    1.01009e+06  5.27328e-02     -4.507237  7.27928e+10 3.74489e+08  -2.049936   90.670954
  1.77828e+03  1.66470e+09    9.36128e+05  5.31698e-02     -4.488717  7.27112e+10 4.59218e+08  -2.020187   89.007175
  1.99526e+03  1.72447e+09    8.64280e+05  5.36240e-02     -4.469656  7.26265e+10 5.46810e+08  -1.993605   87.326644
  2.23872e+03  1.77921e+09    7.94745e+05  5.40940e-02     -4.450119  7.25389e+10 6.36992e+08  -1.970677   85.637094
  2.51189e+03  1.82807e+09    7.27768e+05  5.45785e-02     -4.430180  7.24487e+10 7.29453e+08  -1.951798   83.946510
  2.81838e+03  1.87036e+09    6.63630e+05  5.50758e-02     -4.409920  7.23562e+10 8.23854e+08  -1.937232   82.262876
  3.16228e+03  1.90569e+09    6.02633e+05  5.55841e-02     -4.389423  7.22618e+10 9.19847e+08  -1.927060   80.593881
  3.54813e+03  1.93404e+09    5.45086e+05  5.61016e-02     -4.368772  7.21658e+10 1.01709e+09  -1.921146   78.946595
  3.98107e+03  1.95583e+09    4.91281e+05  5.66265e-02     -4.348045  7.20686e+10 1.11529e+09  -1.919106   77.327140
  4.46684e+03  1.97195e+09    4.41466e+05  5.71572e-02     -4.327312  7.19704e+10 1.21418e+09  -1.920309   75.740389
  5.01187e+03  1.98379e+09    3.95818e+05  5.76922e-02     -4.306626  7.18715e+10 1.31360e+09  -1.923903   74.189725
  5.62341e+03  1.99307e+09    3.54423e+05  5.82308e-02     -4.286024  7.17721e+10 1.41347e+09  -1.928870   72.676901
  6.30957e+03  2.00174e+09    3.17254e+05  5.87724e-02     -4.265521  7.16722e+10 1.51381e+09  -1.934124   71.202031
  7.07946e+03  2.01175e+09    2.84167e+05  5.93172e-02     -4.245114  7.15719e+10 1.61472e+09  -1.938631   69.763732
  7.94328e+03  2.02478e+09    2.54905e+05  5.98657e-02     -4.224780  7.14710e+10 1.71639e+09  -1.941544   68.359432
  8.91251e+03  2.04199e+09    2.29115e+05  6.04191e-02     -4.204481  7.13693e+10 1.81904e+09  -1.942323   66.985809
  1.00000e+04  2.06381e+09    2.06381e+05  6.09785e-02     -4.184175  7.12666e+10 1.92288e+09  -1.940828   65.639330
  1.12202e+04  2.08983e+09    1.86256e+05  6.15451e-02     -4.163821  7.11628e+10 2.02810e+09  -1.937351   64.316796
  1.25893e+04  2.11885e+09    1.68306e+05  6.21201e-02     -4.143386  7.10576e+10 2.13480e+09  -1.932564   63.015829
  1.41254e+04  2.14912e+09    1.52146e+05  6.27040e-02     -4.122854  7.09509e+10 2.24299e+09  -1.927398   61.735184
  1.58489e+04  2.17867e+09    1.37465e+05  6.32969e-02     -4.102227  7.08427e+10 2.35260e+09  -1.922836   60.474830
  1.77828e+04  2.20581e+09    1.24042e+05  6.38984e-02     -4.081525  7.07331e+10 2.46349e+09  -1.919682   59.235761
  1.99526e+04  2.22960e+09    1.11745e+05  6.45077e-02     -4.060780  7.06222e+10 2.57548e+09  -1.918345   58.019563
  2.23872e+04  2.25012e+09    1.00509e+05  6.51240e-02     -4.040026  7.05102e+10 2.68844e+09  -1.918723   56.827846
  2.51189e+04  2.26847e+09    9.03093e+04  6.57464e-02     -4.019292  7.03972e+10 2.80232e+09  -1.920225   55.661680
  2.81838e+04  2.28645e+09    8.11264e+04  6.63747e-02     -3.998590  7.02834e+10 2.91713e+09  -1.921965   54.521224
  3.16228e+04  2.30592e+09    7.29195e+04  6.70090e-02     -3.977917  7.01686e+10 3.03298e+09  -1.923079   53.405661
  3.54813e+04  2.32803e+09    6.56129e+04  6.76499e-02     -3.957254  7.00527e+10 3.15000e+09  -1.923050   52.313489
  3.98107e+04  2.35283e+09    5.91003e+04  6.82982e-02     -3.936580  6.99357e+10 3.26830e+09  -1.921914   51.243054
  4.46684e+04  2.37919e+09    5.32633e+04  6.89546e-02     -3.915878  6.98174e+10 3.38791e+09  -1.920213   50.193097
  5.01187e+04  2.40546e+09    4.79953e+04  6.96194e-02     -3.895143  6.96978e+10 3.50881e+09  -1.918712   49.163085
  5.62341e+04  2.43035e+09    4.32184e+04  7.02922e-02     -3.874387  6.95769e+10 3.63091e+09  -1.917980   48.153151
  6.30957e+04  2.45362e+09    3.88872e+04  7.09727e-02     -3.853625  6.94548e+10 3.75415e+09  -1.918095   47.163700
  7.07946e+04  2.47616e+09    3.49767e+04  7.16606e-02     -3.832870  6.93315e+10 3.87854e+09  -1.918637   46.194915
  7.94328e+04  2.49930e+09    3.14643e+04  7.23558e-02     -3.812125  6.92071e+10 4.00412e+09  -1.919020   45.246469
  8.91251e+04  2.52383e+09    2.83178e+04  7.30588e-02     -3.791382  6.90816e+10 4.13095e+09  -1.918915   44.317621
  1.00000e+05  2.54951e+09    2.54951e+04  7.37699e-02     -3.770634  6.89547e+10 4.25908e+09  -1.918441   43.407578
  1.12202e+05  2.57550e+09    2.29542e+04  7.44893e-02     -3.749876  6.88266e+10 4.38849e+09  -1.917967   42.515811
  1.25893e+05  2.60124e+09    2.06624e+04  7.52171e-02     -3.729111  6.86972e+10 4.51920e+09  -1.917727   41.642074
  1.41254e+05  2.62688e+09    1.85969e+04  7.59533e-02     -3.708343  6.85665e+10 4.65119e+09  -1.917654   40.786182
  1.58489e+05  2.65275e+09    1.67377e+04  7.66978e-02     -3.687575  6.84345e+10 4.78448e+09  -1.917603   39.947839
  1.77828e+05  2.67882e+09    1.50641e+04  7.74509e-02     -3.666805  6.83012e+10 4.91907e+09  -1.917595   39.126700
  1.99526e+05  2.70494e+09    1.35568e+04  7.82125e-02     -3.646036  6.81666e+10 5.05499e+09  -1.917682   38.322471
  2.23872e+05  2.73163e+09    1.22017e+04  7.89828e-02     -3.625269  6.80307e+10 5.19226e+09  -1.917664   37.534817
  2.51189e+05  2.75949e+09    1.09857e+04  7.97620e-02     -3.604498  6.78934e+10 5.33094e+09  -1.917308   36.763223
  2.81838e+05  2.78773e+09    9.89124e+03  8.05505e-02     -3.583719  6.77547e+10 5.47101e+09  -1.916933   36.007200
  3.16228e+05  2.81480e+09    8.90119e+03  8.13482e-02     -3.562938  6.76147e+10 5.61241e+09  -1.917138   35.266647
  3.54813e+05  2.84146e+09    8.00832e+03  8.21547e-02     -3.542165  6.74733e+10 5.75521e+09  -1.917614   34.541604
  3.98107e+05  2.87045e+09    7.21024e+03  8.29704e-02     -3.521394  6.73305e+10 5.89950e+09  -1.917321   33.831567
  4.46684e+05  2.90104e+09    6.49462e+03  8.37961e-02     -3.500612  6.71862e+10 6.04525e+09  -1.916564   33.135718
  5.01187e+05  2.92911e+09    5.84434e+03  8.46316e-02     -3.479823  6.70404e+10 6.19238e+09  -1.916881   32.453989
  5.62341e+05  2.95620e+09    5.25694e+03  8.54762e-02     -3.459049  6.68933e+10 6.34099e+09  -1.917666   31.786735
  6.30957e+05  2.98788e+09    4.73547e+03  8.63306e-02     -3.438276  6.67447e+10 6.49118e+09  -1.916893   31.133244
  7.07946e+05  3.01980e+09    4.26558e+03  8.71958e-02     -3.417483  6.65945e+10 6.64283e+09  -1.916184   30.492582
  7.94328e+05  3.04643e+09    3.83523e+03  8.80708e-02     -3.396698  6.64428e+10 6.79593e+09  -1.917489   29.865320
  8.91251e+05  3.07757e+09    3.45309e+03  8.89553e-02     -3.375930  6.62897e+10 6.95070e+09  -1.917297   29.251474
  1.00000e+06  3.11309e+09    3.11309e+03  8.98513e-02     -3.355137  6.61350e+10 7.10702e+09  -1.915724   28.649528
  1.12202e+06  3.13949e+09    2.79807e+03  9.07579e-02     -3.334344  6.59787e+10 7.26478e+09  -1.917452   28.059967
  1.25893e+06  3.17126e+09    2.51902e+03  9.16738e-02     -3.313580  6.58209e+10 7.42432e+09  -1.917420   27.483345
  1.41254e+06  3.21003e+09    2.27253e+03  9.26022e-02     -3.292781  6.56614e+10 7.58542e+09  -1.915170   26.917608
  1.58489e+06  3.23395e+09    2.04048e+03  9.35412e-02     -3.271988  6.55003e+10 7.74803e+09  -1.918060   26.363693
  1.77828e+06  3.27061e+09    1.83920e+03  9.44899e-02     -3.251228  6.53376e+10 7.91253e+09  -1.916780   25.822039
  1.99526e+06  3.30931e+09    1.65858e+03  9.54524e-02     -3.230413  6.51732e+10 8.07853e+09  -1.915015   25.290091
  2.23872e+06  3.33079e+09    1.48781e+03  9.64245e-02     -3.209636  6.50071e+10 8.24622e+09  -1.918981   24.770074
  2.51189e+06  3.37684e+09    1.34434e+03  9.74079e-02     -3.188865  6.48395e+10 8.41583e+09  -1.915101   24.260879
  2.81838e+06  3.40744e+09    1.20900e+03  9.84056e-02     -3.168042  6.46699e+10 8.58691e+09  -1.916370   23.760922
  3.16228e+06  3.43572e+09    1.08647e+03  9.94121e-02     -3.147285  6.44988e+10 8.75991e+09  -1.918437   23.272797
  3.54813e+06  3.48427e+09    9.82001e+02  1.00433e-01     -3.126488  6.43258e+10 8.93474e+09  -1.914298   22.793781
  3.98107e+06  3.50897e+09    8.81414e+02  1.01466e-01     -3.105679  6.41509e+10 9.11114e+09  -1.917735   22.324362
  4.46684e+06  3.54701e+09    7.94077e+02  1.02509e-01     -3.084923  6.39745e+10 9.28962e+09  -1.917134   21.865784
  5.01187e+06  3.59246e+09    7.16790e+02  1.03567e-01     -3.064106  6.37961e+10 9.46984e+09  -1.914470   21.415309
  5.62341e+06  3.61608e+09    6.43039e+02  1.04638e-01     -3.043316  6.36158e+10 9.65182e+09  -1.918508   20.974676
  6.30957e+06  3.66302e+09    5.80549e+02  1.05719e-01     -3.022550  6.34339e+10 9.83594e+09  -1.915679   20.543613
  7.07946e+06  3.70201e+09    5.22923e+02  1.06817e-01     -3.001722  6.32497e+10 1.00217e+10  -1.915401   20.120158
  7.94328e+06  3.73001e+09    4.69581e+02  1.07926e-01     -2.980952  6.30639e+10 1.02096e+10  -1.918419   19.706562
  8.91251e+06  3.78238e+09    4.24390e+02  1.09048e-01     -2.960165  6.28761e+10 1.03995e+10  -1.914525   19.301159
  1.00000e+07  3.81369e+09    3.81369e+02  1.10186e-01     -2.939340  6.26862e+10 1.05911e+10  -1.916845   18.903374
  1.12202e+07  3.85130e+09    3.43247e+02  1.11335e-01     -2.918580  6.24946e+10 1.07850e+10  -1.917448   18.514972
  1.25893e+07  3.90469e+09    3.10161e+02  1.12500e-01     -2.897771  6.23007e+10 1.09808e+10  -1.913806   18.133680
  1.41254e+07  3.92952e+09    2.78189e+02  1.13679e-01     -2.876962  6.21048e+10 1.11785e+10  -1.918240   17.760240
  1.58489e+07  3.97743e+09    2.50959e+02  1.14871e-01     -2.856196  6.19072e+10 1.13787e+10  -1.916406   17.395229
  1.77828e+07  4.02840e+09    2.26534e+02  1.16080e-01     -2.835369  6.17070e+10 1.15807e+10  -1.913954   17.036686
  1.99526e+07  4.05447e+09    2.03205e+02  1.17302e-01     -2.814583  6.15050e+10 1.17848e+10  -1.918309   16.686218
  2.23872e+07  4.10888e+09    1.83537e+02  1.18538e-01     -2.793801  6.13009e+10 1.19913e+10  -1.915229   16.343028
  2.51189e+07  4.15129e+09    1.65266e+02  1.19793e-01     -2.772966  6.10944e+10 1.21998e+10  -1.915509   16.006036
  2.81838e+07  4.18699e+09    1.48560e+02  1.21059e-01     -2.752195  6.08859e+10 1.24106e+10  -1.917622   15.677013
  3.16228e+07  4.24574e+09    1.34262e+02  1.22342e-01     -2.731393  6.06751e+10 1.26237e+10  -1.913949   15.354265
  3.54813e+07  4.27769e+09    1.20562e+02  1.23643e-01     -2.710566  6.04620e+10 1.28388e+10  -1.917290   15.037778
  3.98107e+07  4.32550e+09    1.08652e+02  1.24956e-01     -2.689797  6.02469e+10 1.30565e+10  -1.916692   14.728683
  4.46684e+07  4.38571e+09    9.81839e+01  1.26289e-01     -2.668973  6.00291e+10 1.32765e+10  -1.913201   14.425144
  5.01187e+07  4.41361e+09    8.80630e+01  1.27636e-01     -2.648165  5.98092e+10 1.34986e+10  -1.917838   14.128085
  5.62341e+07  4.47085e+09    7.95042e+01  1.28999e-01     -2.627384  5.95871e+10 1.37235e+10  -1.915381   13.837530
  6.30957e+07  4.52535e+09    7.17219e+01  1.30382e-01     -2.606543  5.93621e+10 1.39506e+10  -1.913807   13.552124
  7.07946e+07  4.55810e+09    6.43849e+01  1.31779e-01     -2.585755  5.91351e+10 1.41801e+10  -1.917540   13.273312
  7.94328e+07  4.62125e+09    5.81781e+01  1.33193e-01     -2.564957  5.89056e+10 1.44122e+10  -1.914196   13.000095
  8.91251e+07  4.66428e+09    5.23340e+01  1.34628e-01     -2.544112  5.86734e+10 1.46466e+10  -1.915766   12.731918
  1.00000e+08  4.70974e+09    4.70974e+01  1.36075e-01     -2.523334  5.84391e+10 1.48838e+10  -1.916845   12.470105
  1.12202e+08  4.77751e+09    4.25796e+01  1.37544e-01     -2.502512  5.82019e+10 1.51235e+10  -1.912989   12.213140
  1.25893e+08  4.81071e+09    3.82128e+01  1.39031e-01     -2.481680  5.79622e+10 1.53655e+10  -1.917143   11.961348
  1.41254e+08  4.87020e+09    3.44784e+01  1.40532e-01     -2.460896  5.77202e+10 1.56107e+10  -1.915463   11.715309
  1.58489e+08  4.93595e+09    3.11438e+01  1.42056e-01     -2.440053  5.74750e+10 1.58583e+10  -1.912616   11.473644
  1.77828e+08  4.96921e+09    2.79439e+01  1.43597e-01     -2.419240  5.72274e+10 1.61084e+10  -1.917032   11.237315
  1.99526e+08  5.03571e+09    2.52383e+01  1.45155e-01     -2.398440  5.69773e+10 1.63616e+10  -1.914320   11.005991
  2.23872e+08  5.09336e+09    2.27512e+01  1.46736e-01     -2.377581  5.67240e+10 1.66173e+10  -1.913725   10.778803
  2.51189e+08  5.13524e+09    2.04438e+01  1.48332e-01     -2.356785  5.64683e+10 1.68760e+10  -1.916573   10.556951
  2.81838e+08  5.20928e+09    1.84832e+01  1.49949e-01     -2.335962  5.62097e+10 1.71375e+10  -1.912804   10.339405
  3.16228e+08  5.25230e+09    1.66092e+01  1.51588e-01     -2.315105  5.59482e+10 1.74016e+10  -1.915676   10.125989
  3.54813e+08  5.31043e+09    1.49668e+01  1.53241e-01     -2.294311  5.56841e+10 1.76690e+10  -1.915505    9.917596
  3.98107e+08  5.38662e+09    1.35306e+01  1.54919e-01     -2.273462  5.54167e+10 1.79393e+10  -1.911859    9.712973
  4.46684e+08  5.42384e+09    1.21425e+01  1.56616e-01     -2.252620  5.51464e+10 1.82122e+10  -1.916212    9.512626
  5.01187e+08  5.49440e+09    1.09628e+01  1.58330e-01     -2.231812  5.48735e+10 1.84887e+10  -1.913999    9.316731
  5.62341e+08  5.56615e+09    9.89817e+00  1.60070e-01     -2.210942  5.45970e+10 1.87680e+10  -1.911774    9.124304
  6.30957e+08  5.60626e+09    8.88533e+00  1.61826e-01     -2.190116  5.43176e+10 1.90503e+10  -1.915827    8.936250
  7.07946e+08  5.68439e+09    8.02942e+00  1.63603e-01     -2.169287  5.40354e+10 1.93360e+10  -1.912657    8.752041
  7.94328e+08  5.74336e+09    7.23047e+00  1.65405e-01     -2.148405  5.37497e+10 1.96245e+10  -1.913348    8.571176
  8.91251e+08  5.79717e+09    6.50453e+00  1.67222e-01     -2.127588  5.34612e+10 1.99165e+10  -1.915088    8.394594
  1.00000e+09  5.88274e+09    5.88274e+00  1.69064e-01     -2.106732  5.31692e+10 2.02118e+10  -1.911065    8.221329
  1.12202e+09  5.92722e+09    5.28264e+00  1.70929e-01     -2.085855  5.28739e+10 2.05099e+10  -1.914801    8.051470
  1.25893e+09  6.00005e+09    4.76601e+00  1.72809e-01     -2.065030  5.25757e+10 2.08121e+10  -1.913422    7.885537
  1.41254e+09  6.08443e+09    4.30744e+00  1.74717e-01     -2.044146  5.22736e+10 2.11173e+10  -1.910172    7.722559
  1.58489e+09  6.12644e+09    3.86553e+00  1.76644e-01     -2.023282  5.19684e+10 2.14257e+10  -1.914615    7.563105
  1.77828e+09  6.20890e+09    3.49152e+00  1.78590e-01     -2.002437  5.16600e+10 2.17381e+10  -1.911995    7.407085
  1.99526e+09  6.28545e+09    3.15019e+00  1.80563e-01     -1.981530  5.13476e+10 2.20536e+10  -1.910618    7.253831
  2.23872e+09  6.33592e+09    2.83015e+00  1.82553e-01     -1.960677  5.10321e+10 2.23727e+10  -1.913840    7.104135
  2.51189e+09  6.42712e+09    2.55868e+00  1.84566e-01     -1.939805  5.07130e+10 2.26955e+10  -1.910221    6.957394
  2.81838e+09  6.48624e+09    2.30140e+00  1.86604e-01     -1.918888  5.03902e+10 2.30215e+10  -1.912212    6.813378
  3.16228e+09  6.55478e+09    2.07280e+00  1.88658e-01     -1.898034  5.00641e+10 2.33517e+10  -1.912684    6.672764
  3.54813e+09  6.65128e+09    1.87458e+00  1.90738e-01     -1.877129  4.97340e+10 2.36855e+10  -1.908708    6.534716
  3.98107e+09  6.69966e+09    1.68288e+00  1.92840e-01     -1.856217  4.94002e+10 2.40226e+10  -1.912750    6.399482
  4.46684e+09  6.78652e+09    1.51931e+00  1.94959e-01     -1.835344  4.90631e+10 2.43642e+10  -1.910625    6.267293
  5.01187e+09  6.87874e+09    1.37249e+00  1.97105e-01     -1.814407  4.87214e+10 2.47094e+10  -1.907846    6.137437
  5.62341e+09  6.92767e+09    1.23193e+00  1.99269e-01     -1.793504  4.83763e+10 2.50582e+10  -1.912020    6.010475
  6.30957e+09  7.02394e+09    1.11322e+00  2.01453e-01     -1.772603  4.80275e+10 2.54114e+10  -1.908861    5.886152
  7.07946e+09  7.10254e+09    1.00326e+00  2.03664e-01     -1.751641  4.76743e+10 2.57681e+10  -1.908627    5.764053
  7.94328e+09  7.16588e+09    9.02131e-01  2.05888e-01     -1.730739  4.73176e+10 2.61290e+10  -1.910791    5.644823
  8.91251e+09  7.27189e+09    8.15919e-01  2.08137e-01     -1.709801  4.69567e+10 2.64941e+10  -1.906618    5.527864
  1.00000e+10  7.33026e+09    7.33026e-01  2.10408e-01     -1.688830  4.65916e+10 2.68627e+10  -1.909739    5.413144
  1.12202e+10  7.41653e+09    6.60998e-01  2.12692e-01     -1.667913  4.62229e+10 2.72362e+10  -1.908756    5.301095
  1.25893e+10  7.52278e+09    5.97555e-01  2.15002e-01     -1.646935  4.58495e+10 2.76137e+10  -1.905015    5.191046
  1.41254e+10  7.57511e+09    5.36276e-01  2.17330e-01     -1.625964  4.54720e+10 2.79949e+10  -1.909206    5.083317
  1.58489e+10  7.67551e+09    4.84292e-01  2.19672e-01     -1.605016  4.50907e+10 2.83812e+10  -1.906533    4.977939
  1.77828e+10  7.77392e+09    4.37160e-01  2.22039e-01     -1.584000  4.47045e+10 2.87713e+10  -1.904320    4.874413
  1.99526e+10  7.83241e+09    3.92551e-01  2.24418e-01     -1.563027  4.43144e+10 2.91657e+10  -1.907778    4.773250
  2.23872e+10  7.94267e+09    3.54786e-01  2.26814e-01     -1.542039  4.39200e+10 2.95648e+10  -1.904105    4.674111
  2.51189e+10  8.02059e+09    3.19306e-01  2.29232e-01     -1.520994  4.35209e+10 2.99678e+10  -1.905026    4.576773
  2.81838e+10  8.09889e+09    2.87359e-01  2.31658e-01     -1.500008  4.31179e+10 3.03757e+10  -1.905913    4.481726
  3.16228e+10  8.21719e+09    2.59850e-01  2.34102e-01     -1.478971  4.27100e+10 3.07880e+10  -1.901524    4.388427
  3.54813e+10  8.27663e+09    2.33267e-01  2.36562e-01     -1.457911  4.22977e+10 3.12044e+10  -1.905081    4.296975
  3.98107e+10  8.37929e+09    2.10478e-01  2.39028e-01     -1.436892  4.18813e+10 3.16262e+10  -1.902937    4.207600
  4.46684e+10  8.49345e+09    1.90145e-01  2.41513e-01     -1.415803  4.14594e+10 3.20523e+10  -1.899430    4.119794
  5.01187e+10  8.54991e+09    1.70593e-01  2.44004e-01     -1.394733  4.10334e+10 3.24827e+10  -1.903426    4.033896
  5.62341e+10  8.66345e+09    1.54060e-01  2.46502e-01     -1.373666  4.06030e+10 3.29183e+10  -1.900126    3.949805
  6.30957e+10  8.76279e+09    1.38881e-01  2.49015e-01     -1.352528  4.01674e+10 3.33582e+10  -1.898741    3.867191
  7.07946e+10  8.83232e+09    1.24760e-01  2.51527e-01     -1.331440  3.97275e+10 3.38029e+10  -1.901088    3.786491
  7.94328e+10  8.95651e+09    1.12756e-01  2.54046e-01     -1.310315  3.92828e+10 3.42525e+10  -1.896687    3.707342
  8.91251e+10  9.02896e+09    1.01307e-01  2.56573e-01     -1.289140  3.88331e+10 3.47064e+10  -1.898713    3.629663
  1.00000e+11  9.12328e+09    9.12328e-02  2.59093e-01     -1.268015  3.83793e+10 3.51657e+10  -1.898032    3.553792
  1.12202e+11  9.25011e+09    8.24417e-02  2.61618e-01     -1.246823  3.79200e+10 3.56297e+10  -1.893496    3.479273
  1.25893e+11  9.30895e+09    7.39436e-02  2.64139e-01     -1.225619  3.74560e+10 3.60980e+10  -1.897089    3.406276
  1.41254e+11  9.42320e+09    6.67111e-02  2.66651e-01     -1.204437  3.69877e+10 3.65720e+10  -1.894069    3.334882
  1.58489e+11  9.53985e+09    6.01924e-02  2.69163e-01     -1.183176  3.65136e+10 3.70505e+10  -1.890827    3.264725
  1.77828e+11  9.59949e+09    5.39819e-02  2.71659e-01     -1.161940  3.60352e+10 3.75336e+10  -1.894148    3.196129
  1.99526e+11  9.72357e+09    4.87333e-02  2.74143e-01     -1.140686  3.55521e+10 3.80221e+10  -1.890003    3.128915
  2.23872e+11  9.81559e+09    4.38446e-02  2.76617e-01     -1.119359  3.50636e+10 3.85148e+10  -1.889519    3.062889
  2.51189e+11  9.89411e+09    3.93891e-02  2.79064e-01     -1.098078  3.45709e+10 3.90129e+10  -1.890454    2.998396
  2.81838e+11  1.00271e+10    3.55773e-02  2.81494e-01     -1.076738  3.40728e+10 3.95158e+10  -1.885250    2.935091
  3.16228e+11  1.00890e+10    3.19041e-02  2.83900e-01     -1.055354  3.35699e+10 4.00229e+10  -1.887874    2.872992
  3.54813e+11  1.01955e+10    2.87349e-02  2.86271e-01     -1.034003  3.30628e+10 4.05358e+10  -1.885435    2.812302
  3.98107e+11  1.03217e+10    2.59270e-02  2.88616e-01     -1.012569  3.25499e+10 4.10532e+10  -1.880807    2.752663
  4.46684e+11  1.03737e+10    2.32239e-02  2.90920e-01     -0.991129  3.20325e+10 4.15748e+10  -1.884080    2.694274
  5.01187e+11  1.04914e+10    2.09330e-02  2.93181e-01     -0.969686  3.15109e+10 4.21021e+10  -1.880127    2.637116
  5.62341e+11  1.05991e+10    1.88482e-02  2.95402e-01     -0.948152  3.09836e+10 4.26335e+10  -1.877131    2.580936
  6.30957e+11  1.06577e+10    1.68912e-02  2.97565e-01     -0.926646  3.04522e+10 4.31695e+10  -1.879137    2.526022
  7.07946e+11  1.07829e+10    1.52312e-02  2.99674e-01     -0.905093  2.99162e+10 4.37104e+10  -1.873944    2.472162
  7.94328e+11  1.08542e+10    1.36647e-02  3.01725e-01     -0.883462  2.93752e+10 4.42552e+10  -1.874198    2.419261
  8.91251e+11  1.09348e+10    1.22690e-02  3.03701e-01     -0.861866  2.88305e+10 4.48051e+10  -1.873228    2.367575
  1.00000e+12  1.10610e+10    1.10610e-02  3.05608e-01     -0.840186  2.82806e+10 4.53592e+10  -1.867334    2.316797
  1.12202e+12  1.11042e+10    9.89664e-03  3.07435e-01     -0.818462  2.77265e+10 4.59170e+10  -1.869665    2.267010
  1.25893e+12  1.12067e+10    8.90177e-03  3.09172e-01     -0.796745  2.71687e+10 4.64800e+10  -1.865642    2.218309
  1.41254e+12  1.13158e+10    8.01096e-03  3.10819e-01     -0.774924  2.66057e+10 4.70466e+10  -1.860667    2.170427
  1.58489e+12  1.13487e+10    7.16052e-03  3.12361e-01     -0.753097  2.60391e+10 4.76167e+10  -1.862997    2.123567
  1.77828e+12  1.14548e+10    6.44151e-03  3.13793e-01     -0.731235  2.54690e+10 4.81913e+10  -1.857602    2.077644
  1.99526e+12  1.15303e+10    5.77885e-03  3.15111e-01     -0.709265  2.48943e+10 4.87689e+10  -1.854880    2.032497
  2.23872e+12  1.15731e+10    5.16954e-03  3.16298e-01     -0.687313  2.43168e+10 4.93503e+10  -1.854941    1.988366
  2.51189e+12  1.16808e+10    4.65020e-03  3.17352e-01     -0.665280  2.37354e+10 4.99350e+10  -1.848130    1.945034
  2.81838e+12  1.17089e+10    4.15446e-03  3.18262e-01     -0.643159  2.31507e+10 5.05221e+10  -1.848661    1.902482
  3.16228e+12  1.17726e+10    3.72281e-03  3.19015e-01     -0.621047  2.25636e+10 5.11130e+10  -1.845130    1.860876
  3.54813e+12  1.18646e+10    3.34390e-03  3.19605e-01     -0.598818  2.19727e+10 5.17062e+10  -1.838248    1.819966
  3.98107e+12  1.18649e+10    2.98034e-03  3.20019e-01     -0.576538  2.13795e+10 5.23012e+10  -1.839720    1.779866
  4.46684e+12  1.19335e+10    2.67158e-03  3.20246e-01     -0.554227  2.07845e+10 5.28994e+10  -1.833840    1.740595
  5.01187e+12  1.19934e+10    2.39301e-03  3.20275e-01     -0.531783  2.01863e+10 5.34987e+10  -1.828092    1.701963
  5.62341e+12  1.19821e+10    2.13076e-03  3.20095e-01     -0.509320  1.95869e+10 5.40994e+10  -1.828537    1.664158
  6.30957e+12  1.20430e+10    1.90868e-03  3.19694e-01     -0.486775  1.89863e+10 5.47017e+10  -1.821113    1.627061
  7.07946e+12  1.20490e+10    1.70197e-03  3.19056e-01     -0.464099  1.83840e+10 5.53040e+10  -1.818164    1.590581
  7.94328e+12  1.20431e+10    1.51614e-03  3.18174e-01     -0.441415  1.77817e+10 5.59073e+10  -1.815468    1.554905
  8.91251e+12  1.20894e+10    1.35646e-03  3.17031e-01     -0.418600  1.71784e+10 5.65105e+10  -1.806624    1.519832
  1.00000e+13  1.20396e+10    1.20396e-03  3.15613e-01     -0.395679  1.65752e+10 5.71125e+10  -1.806206    1.485392
  1.12202e+13  1.20414e+10    1.07319e-03  3.13913e-01     -0.372721  1.59731e+10 5.77148e+10  -1.799563    1.451680
  1.25893e+13  1.20500e+10    9.57164e-04  3.11908e-01     -0.349600  1.53709e+10 5.83152e+10  -1.790982    1.418500
  1.41254e+13  1.19646e+10    8.47028e-04  3.09592e-01     -0.326406  1.47705e+10 5.89130e+10  -1.790569    1.385979
  1.58489e+13  1.19470e+10    7.53808e-04  3.06952e-01     -0.303125  1.41727e+10 5.95091e+10  -1.781956    1.354083
  1.77828e+13  1.18993e+10    6.69145e-04  3.03964e-01     -0.279664  1.35765e+10 6.01015e+10  -1.774899    1.322686
  1.99526e+13  1.17950e+10    5.91149e-04  3.00631e-01     -0.256153  1.29842e+10 6.06901e+10  -1.772176    1.291951
  2.23872e+13  1.17507e+10    5.24883e-04  2.96930e-01     -0.232496  1.23955e+10 6.12746e+10  -1.761542    1.261746
  2.51189e+13  1.16262e+10    4.62847e-04  2.92845e-01     -0.208667  1.18111e+10 6.18530e+10  -1.757567    1.232035
  2.81838e+13  1.15118e+10    4.08455e-04  2.88385e-01     -0.184778  1.12327e+10 6.24264e+10  -1.750763    1.202951
  3.16228e+13  1.14245e+10    3.61273e-04  2.83516e-01     -0.160690  1.06593e+10 6.29929e+10  -1.738952    1.174321
  3.54813e+13  1.12366e+10    3.16691e-04  2.78239e-01     -0.136457  1.00927e+10 6.35513e+10  -1.736165    1.146206
  3.98107e+13  1.10990e+10    2.78794e-04  2.72560e-01     -0.112117  9.53435e+09 6.41025e+10  -1.725632    1.118644
  4.46684e+13  1.09466e+10    2.45064e-04  2.66443e-01     -0.087546  8.98321e+09 6.46439e+10  -1.714275    1.091492
  5.01187e+13  1.07098e+10    2.13688e-04  2.59915e-01     -0.062857  8.44180e+09 6.51748e+10  -1.710500    1.064874
  5.62341e+13  1.05274e+10    1.87207e-04  2.52965e-01     -0.037997  7.91087e+09 6.56953e+10  -1.697629    1.038728
  6.30957e+13  1.02922e+10    1.63121e-04  2.45573e-01     -0.012890  7.39038e+09 6.62032e+10  -1.688398    1.012974
  7.07946e+13  1.00221e+10    1.41565e-04  2.37788e-01      0.012325  6.88252e+09 6.66984e+10  -1.681016    0.987751
  7.94328e+13  9.78859e+09    1.23231e-04  2.29583e-01      0.037778  6.38726e+09 6.71798e+10  -1.665700    0.962927
  8.91251e+13  9.46618e+09    1.06212e-04  2.20971e-01      0.063466  5.90589e+09 6.76456e+10  -1.659362    0.938506
  1.00000e+14  9.16662e+09    9.16662e-05  2.12006e-01      0.089294  5.44007e+09 6.80964e+10  -1.646888    0.914577
  1.12202e+14  8.86541e+09    7.90130e-05  2.02660e-01      0.115414  4.98927e+09 6.85301e+10  -1.630998    0.890997
  1.25893e+14  8.48129e+09    6.73693e-05  1.92992e-01      0.141740  4.55560e+09 6.89455e+10  -1.624708    0.867847
  1.41254e+14  8.13527e+09    5.75933e-05  1.83042e-01      0.168268  4.14018e+09 6.93430e+10  -1.609104    0.845127
  1.58489e+14  7.76351e+09    4.89844e-05  1.72804e-01      0.195121  3.74271e+09 6.97205e+10  -1.594029    0.822735
  1.77828e+14  7.33948e+09    4.12729e-05  1.62382e-01      0.222155  3.36514e+09 7.00778e+10  -1.585511    0.800791
  1.99526e+14  6.94946e+09    3.48298e-05  1.51794e-01      0.249465  3.00792e+09 7.04143e+10  -1.567253    0.779218
  2.23872e+14  6.51221e+09    2.90890e-05  1.41079e-01      0.277104  2.67137e+09 7.07289e+10  -1.555425    0.757975
  2.51189e+14  6.07181e+09    2.41723e-05  1.30359e-01      0.304927  2.35677e+09 7.10220e+10  -1.542362    0.737177
  2.81838e+14  5.65036e+09    2.00482e-05  1.19644e-01      0.333094  2.06372e+09 7.12928e+10  -1.522058    0.716703
  3.16228e+14  5.18152e+09    1.63854e-05  1.09027e-01      0.361562  1.79292e+09 7.15409e+10  -1.512708    0.696587
  3.54813e+14  4.74336e+09    1.33686e-05  9.86128e-02      0.390258  1.54480e+09 7.17672e+10  -1.494690    0.676882
  3.98107e+14  4.30957e+09    1.08252e-05  8.84240e-02      0.419341  1.31848e+09 7.19713e+10  -1.474765    0.657480
  4.46684e+14  3.85369e+09    8.62733e-06  7.85885e-02      0.448681  1.11440e+09 7.21536e+10  -1.465417    0.638470
  5.01187e+14  3.43722e+09    6.85816e-06  6.91711e-02      0.478314  9.32124e+08 7.23151e+10  -1.444909    0.619827
  5.62341e+14  3.02518e+09    5.37962e-06  6.02136e-02      0.508351  7.70563e+08 7.24564e+10  -1.427720    0.601487
  6.30957e+14  2.62487e+09    4.16014e-06  5.18386e-02      0.538608  6.29312e+08 7.25786e+10  -1.415369    0.583560
  7.07946e+14  2.26353e+09    3.19733e-06  4.40640e-02      0.569229  5.07102e+08 7.26830e+10  -1.392407    0.565962
  7.94328e+14  1.91169e+09    2.40668e-06  3.69374e-02      0.600229  4.02721e+08 7.27707e+10  -1.380334    0.548686
  8.91251e+14  1.59710e+09    1.79197e-06  3.05276e-02      0.631453  3.15001e+08 7.28435e+10  -1.362764    0.531818
  1.00000e+15  1.31684e+09    1.31684e-06  2.48138e-02      0.663100  2.42153e+08 7.29029e+10  -1.339220    0.515252
  1.12202e+15  1.05805e+09    9.42992e-07  1.98211e-02      0.695068  1.82781e+08 7.29504e+10  -1.329471    0.499041
  1.25893e+15  8.40325e+08    6.67494e-07  1.55414e-02      0.727313  1.35321e+08 7.29877e+10  -1.307883    0.483206
  1.41254e+15  6.53129e+08    4.62380e-07  1.19251e-02      0.760012  9.79849e+07 7.30164e+10  -1.286003    0.467661
  1.58489e+15  4.93298e+08    3.11250e-07  8.95203e-03      0.792969  6.93242e+07 7.30378e+10  -1.275508    0.452499
  1.77828e+15  3.66391e+08    2.06037e-07  6.55625e-03      0.826283  4.78320e+07 7.30536e+10  -1.251109    0.437673
  1.99526e+15  2.63466e+08    1.32046e-07  4.66931e-03      0.860052  3.20855e+07 7.30648e+10  -1.234186    0.423140
  2.23872e+15  1.84026e+08    8.22016e-08  3.23346e-03      0.894047  2.08982e+07 7.30725e+10  -1.218908    0.408997
  2.51189e+15  1.25188e+08    4.98384e-08  2.16640e-03      0.928485  1.31679e+07 7.30777e+10  -1.191581    0.395152
  2.81838e+15  8.14240e+07    2.88903e-08  1.40053e-03      0.963329  8.00255e+06 7.30810e+10  -1.180574    0.381620
  3.16228e+15  5.13506e+07    1.62385e-08  8.72520e-04      0.998429  4.68319e+06 7.30831e+10  -1.158196    0.368458
  3.54813e+15  3.10591e+07    8.75363e-09  5.20164e-04      1.034036  2.62294e+06 7.30843e+10  -1.131379    0.355569
  3.98107e+15  1.77795e+07    4.46602e-09  2.96314e-04      1.069965  1.40198e+06 7.30850e+10  -1.122236    0.343020
  4.46684e+15  9.76834e+06    2.18686e-09  1.60590e-04      1.106227  7.13282e+05 7.30853e+10  -1.096398    0.330805
  5.01187e+15  5.05483e+06    1.00857e-09  8.21075e-05      1.143019  3.42703e+05 7.30855e+10  -1.073376    0.318855
  5.62341e+15  2.45275e+06    4.36167e-10  3.96025e-05      1.180049  1.55013e+05 7.30856e+10  -1.061778    0.307264
  6.30957e+15  1.12226e+06    1.77867e-10  1.78481e-05      1.217511  6.56379e+04 7.30857e+10  -1.032219    0.295966
  7.07946e+15  4.72002e+05    6.66721e-11  7.45279e-06      1.255475  2.57812e+04 7.30857e+10  -1.018025    0.284940
  7.94328e+15  1.84282e+05    2.31997e-11  2.88239e-06      1.293647  9.37413e+03 7.30857e+10  -0.999200    0.274269
  8.91251e+15  6.59933e+04    7.40458e-12  1.01599e-06      1.332354  3.11724e+03 7.30857e+10  -0.967251    0.263855
  1.00000e+16  2.11568e+04    2.11568e-12  3.24447e-07      1.371466  9.38488e+02 7.30857e+10  -0.959302    0.253735
  1.12202e+16  6.16732e+03    5.49663e-13  9.33377e-08      1.410850  2.55385e+02 7.30857e+10  -0.932180    0.243936
  1.25893e+16  1.58630e+03    1.26004e-13  2.36643e-08      1.450840  6.15445e+01 7.30857e+10  -0.902200    0.234373
  1.41254e+16  3.55021e+02    2.51336e-14  5.27891e-09      1.491115  1.30115e+01 7.30857e+10  -0.895336    0.225122
  1.58489e+16  6.95282e+01    4.38693e-15  1.01816e-09      1.531789  2.39781e+00 7.30857e+10  -0.862930    0.216149
  1.77828e+16  1.14178e+01    6.42071e-16  1.65488e-10      1.573093  3.74164e-01 7.30857e+10  -0.840815    0.207403
  1.99526e+16  1.57749e+00    7.90615e-17  2.27238e-11      1.614581  4.92814e-02 7.30857e+10  -0.827513    0.198974
  2.23872e+16  1.79613e-01    8.02300e-18  2.54220e-12      1.656625  5.35397e-03 7.30857e+10  -0.788945    0.190782
  2.51189e+16  1.60591e-02    6.39323e-19  2.26425e-13      1.699222  4.62175e-04 7.30857e+10  -0.780425    0.182826
  2.81838e+16  1.14950e-03    4.07858e-20  1.60173e-14      1.742008  3.19609e-05 7.30857e+10  -0.754094    0.175168
  3.16228e+16  6.19623e-05    1.95942e-21  8.48540e-16      1.785493  1.67434e-06 7.30857e+10  -0.714776    0.167714
  3.54813e+16  2.43410e-06    6.86024e-23  3.33134e-17      1.829359  6.44246e-08 7.30857e+10  -0.713381    0.160516
  3.98107e+16  7.00707e-08    1.76010e-24  9.45351e-19      1.873513  1.82028e-09 7.30857e+10  -0.680382    0.153583
  4.46684e+16  1.35251e-09    3.02790e-26  1.80225e-20      1.918378  3.46992e-11 7.30857e+10  -0.651443    0.146845
  5.01187e+16  1.75783e-11    3.50733e-28  2.34774e-22      1.963296  4.46918e-13 7.30857e+10  -0.656850    0.140395
  5.62341e+16  1.48469e-13    2.64020e-30  1.95709e-24      2.008529  3.74878e-15 7.30857e+10  -0.625897    0.134186
  6.30957e+16  7.38732e-16    1.17081e-32  9.73462e-27      2.054252  1.85824e-17 7.30857e+10  -0.625125    0.128189
  7.07946e+16  2.27831e-18    3.21820e-35  3.00234e-29      2.099722  5.71499e-20 7.30857e+10  -0.625200    0.122490
  7.94328e+16  3.83847e-21    4.83235e-38  4.98263e-32      2.145641  9.61243e-23 7.30857e+10  -0.589133    0.116993
  8.91251e+16  3.24941e-24    3.64590e-41  4.24657e-35      2.191854  8.13068e-26 7.30857e+10  -0.605362    0.111709
  1.00000e+17  1.43095e-27    1.43095e-44  1.84941e-38      2.237970  3.57866e-29 7.30857e+10  -0.578616    0.106675
  1.12202e+17  2.57328e-31    2.29344e-48  3.26966e-42      2.284863  6.43415e-33 7.30857e+10  -0.537035    0.101788
  1.25893e+17  1.87153e-35    1.48661e-52  2.39392e-46      2.331889  4.67909e-37 7.30857e+10  -0.553412    0.097112
  1.41254e+17  5.05781e-40    3.58066e-57  6.34643e-51      2.379226  1.26447e-41 7.30857e+10  -0.505944    0.092622
  1.58489e+17  3.65211e-45    2.30433e-62  4.52132e-56      2.427589  9.13031e-47 7.30857e+10  -0.472145    0.088249
  1.77828e+17  7.88339e-51    4.43316e-68  9.76245e-62      2.475902  1.97085e-52 7.30857e+10  -0.472872    0.084087
  1.99526e+17  3.63748e-57    1.82306e-74  4.38812e-68      2.524988  9.09369e-59 7.30857e+10  -0.405851    0.080059
  2.23872e+17  2.59691e-64    1.16000e-81  3.13346e-75      2.575023  6.49229e-66 7.30857e+10  -0.406376    0.076152
  2.51189e+17  3.48024e-72    1.38551e-89  4.15112e-83      2.624922  8.70060e-74 7.30857e+10  -0.376284    0.072445
  2.81838e+17  4.20271e-81    1.49118e-98  4.86941e-92      2.676041  1.05068e-82 7.30857e+10  -0.298985    0.068835
  3.16228e+17  4.13735e-91   1.30835e-108 4.84320e-102      2.727691  1.03434e-92 7.30857e+10  -0.326605    0.065370
  3.54813e+17 3.30217e-102   9.30678e-120 3.78389e-113      2.779404 8.25543e-104 7.30857e+10  -0.268925    0.062076
  3.98107e+17 6.91779e-115   1.73767e-132 7.73876e-126      2.832588 1.72945e-116 7.30857e+10  -0.202506    0.058860
  4.46684e+17 5.55816e-129   1.24432e-146 6.30138e-140      2.885678 1.38954e-130 7.30857e+10  -0.239622    0.055817
  5.01187e+17 8.32146e-145   1.66035e-162 9.17272e-156      2.939304 2.08036e-146 7.30857e+10  -0.160939    0.052903
  5.62341e+17 6.08683e-163   1.08241e-180 6.66853e-174      2.994388 1.52171e-164 7.30857e+10  -0.143501    0.050067
  6.30957e+17 6.35862e-183   1.00777e-200 6.99469e-194      3.048765 1.58965e-184 7.30857e+10  -0.155099    0.047417
  7.07946e+17 1.02625e-205   1.44962e-223 1.08729e-216      3.104369 2.56563e-207 7.30857e+10  -0.046203    0.044853
  7.94328e+17 1.10448e-231   1.39046e-249 1.19370e-242      3.160933 2.76120e-233 7.30857e+10  -0.104407    0.042386