#           M M*dndlog10m_ dndlog10m_PLANCK      f(sig)_  lnsigma_PLANCK  neff_PLANCK        ngtm_  sigma_PLANCK
  1.00000e+06  2.11726e+09      2.11726e+03  1.70058e-01       -2.095573    -2.631034  1.01427e+03      8.130102
  1.12202e+06  2.14051e+09      1.90773e+03  1.70694e-01       -2.088468    -2.628372  9.13650e+02      8.072538
  1.25893e+06  2.16374e+09      1.71872e+03  1.71337e-01       -2.081312    -2.625749  8.22988e+02      8.014978
  1.41254e+06  2.18744e+09      1.54859e+03  1.71987e-01       -2.074105    -2.623079  7.41306e+02      7.957423
  1.58489e+06  2.21097e+09      1.39503e+03  1.72644e-01       -2.066848    -2.620476  6.67715e+02      7.899880
  1.77828e+06  2.23455e+09      1.25658e+03  1.73309e-01       -2.059541    -2.617899  6.01425e+02      7.842366
  1.99526e+06  2.25876e+09      1.13206e+03  1.73980e-01       -2.052183    -2.615249  5.41709e+02      7.784879
  2.23872e+06  2.28252e+09      1.01957e+03  1.74659e-01       -2.044776    -2.612712  4.87918e+02      7.727428
  2.51189e+06  2.30676e+09      9.18337e+02  1.75345e-01       -2.037320    -2.610131  4.39471e+02      7.670028
  2.81838e+06  2.33144e+09      8.27226e+02  1.76038e-01       -2.029814    -2.607512  3.95832e+02      7.612670
  3.16228e+06  2.35560e+09      7.44906e+02  1.76739e-01       -2.022259    -2.605016  3.56528e+02      7.555373
  3.54813e+06  2.38071e+09      6.70975e+02  1.77446e-01       -2.014655    -2.602399  3.21131e+02      7.498140
  3.98107e+06  2.40575e+09      6.04297e+02  1.78162e-01       -2.007001    -2.599830  2.89250e+02      7.440967
  4.46684e+06  2.43065e+09      5.44155e+02  1.78885e-01       -1.999298    -2.597321  2.60538e+02      7.383873
  5.01187e+06  2.45661e+09      4.90158e+02  1.79615e-01       -1.991546    -2.594676  2.34680e+02      7.326855
  5.62341e+06  2.48210e+09      4.41387e+02  1.80353e-01       -1.983744    -2.592146  2.11392e+02      7.269913
  6.30957e+06  2.50799e+09      3.97490e+02  1.81099e-01       -1.975894    -2.589589  1.90420e+02      7.213066
  7.07946e+06  2.53475e+09      3.58043e+02  1.81852e-01       -1.967993    -2.586928  1.71532e+02      7.156302
  7.94328e+06  2.56084e+09      3.22391e+02  1.82614e-01       -1.960043    -2.584416  1.54521e+02      7.099633
  8.91251e+06  2.58793e+09      2.90371e+02  1.83383e-01       -1.952044    -2.581782  1.39202e+02      7.043068
  1.00000e+07  2.61540e+09      2.61540e+02  1.84160e-01       -1.943993    -2.579127  1.25404e+02      6.986594
  1.12202e+07  2.64237e+09      2.35502e+02  1.84945e-01       -1.935893    -2.576591  1.12978e+02      6.930232
  1.25893e+07  2.67072e+09      2.12143e+02  1.85739e-01       -1.927743    -2.573877  1.01787e+02      6.873978
  1.41254e+07  2.69884e+09      1.91064e+02  1.86540e-01       -1.919541    -2.571240  9.17066e+01      6.817826
  1.58489e+07  2.72706e+09      1.72066e+02  1.87350e-01       -1.911289    -2.568630  8.26284e+01      6.761799
  1.77828e+07  2.75661e+09      1.55015e+02  1.88169e-01       -1.902985    -2.565853  7.44513e+01      6.705882
  1.99526e+07  2.78543e+09      1.39602e+02  1.88995e-01       -1.894629    -2.563233  6.70859e+01      6.650081
  2.23872e+07  2.81518e+09      1.25749e+02  1.89831e-01       -1.886223    -2.560510  6.04521e+01      6.594412
  2.51189e+07  2.84583e+09      1.13294e+02  1.90675e-01       -1.877762    -2.557692  5.44760e+01      6.538857
  2.81838e+07  2.87559e+09      1.02030e+02  1.91527e-01       -1.869250    -2.555055  4.90929e+01      6.483432
  3.16228e+07  2.90699e+09      9.19271e+01  1.92389e-01       -1.860685    -2.552212  4.42440e+01      6.428141
  3.54813e+07  2.93858e+09      8.28206e+01  1.93260e-01       -1.852066    -2.549384  3.98753e+01      6.372970
  3.98107e+07  2.96973e+09      7.45963e+01  1.94139e-01       -1.843393    -2.546671  3.59399e+01      6.317941
  4.46684e+07  3.00276e+09      6.72234e+01  1.95028e-01       -1.834667    -2.543718  3.23944e+01      6.263046
  5.01187e+07  3.03519e+09      6.05599e+01  1.95926e-01       -1.825884    -2.540905  2.91998e+01      6.208280
  5.62341e+07  3.06814e+09      5.45601e+01  1.96833e-01       -1.817048    -2.538060  2.63218e+01      6.153666
  6.30957e+07  3.10271e+09      4.91746e+01  1.97750e-01       -1.808155    -2.535022  2.37284e+01      6.099184
  7.07946e+07  3.13610e+09      4.42986e+01  1.98677e-01       -1.799206    -2.532208  2.13916e+01      6.044843
  7.94328e+07  3.17113e+09      3.99222e+01  1.99613e-01       -1.790201    -2.529201  1.92861e+01      5.990657
  8.91251e+07  3.20703e+09      3.59834e+01  2.00559e-01       -1.781137    -2.526118  1.73884e+01      5.936605
  1.00000e+08  3.24182e+09      3.24182e+01  2.01514e-01       -1.772017    -2.523249  1.56784e+01      5.882708
  1.12202e+08  3.27896e+09      2.92238e+01  2.02480e-01       -1.762839    -2.520086  1.41374e+01      5.828963
  1.25893e+08  3.31594e+09      2.63395e+01  2.03456e-01       -1.753600    -2.517002  1.27483e+01      5.775358
  1.41254e+08  3.35270e+09      2.37353e+01  2.04442e-01       -1.744304    -2.514004  1.14964e+01      5.721919
  1.58489e+08  3.39188e+09      2.14013e+01  2.05439e-01       -1.734947    -2.510709  1.03680e+01      5.668629
  1.77828e+08  3.42987e+09      1.92876e+01  2.06446e-01       -1.725529    -2.507643  9.35076e+00      5.615489
  1.99526e+08  3.46910e+09      1.73867e+01  2.07463e-01       -1.716051    -2.504454  8.43391e+00      5.562520
  2.23872e+08  3.51011e+09      1.56791e+01  2.08492e-01       -1.706510    -2.501069  7.60726e+00      5.509699
  2.51189e+08  3.54944e+09      1.41306e+01  2.09531e-01       -1.696907    -2.497980  6.86202e+00      5.457040
  2.81838e+08  3.59133e+09      1.27425e+01  2.10581e-01       -1.687242    -2.494587  6.19020e+00      5.404553
  3.16228e+08  3.63384e+09      1.14912e+01  2.11642e-01       -1.677510    -2.491170  5.58435e+00      5.352215
  3.54813e+08  3.67516e+09      1.03580e+01  2.12714e-01       -1.667717    -2.487977  5.03812e+00      5.300053
  3.98107e+08  3.71965e+09      9.34334e+00  2.13797e-01       -1.657858    -2.484404  4.54559e+00      5.248057
  4.46684e+08  3.76337e+09      8.42513e+00  2.14892e-01       -1.647931    -2.481002  4.10138e+00      5.196219
  5.01187e+08  3.80742e+09      7.59681e+00  2.15998e-01       -1.637941    -2.477616  3.70083e+00      5.144565
  5.62341e+08  3.85436e+09      6.85412e+00  2.17116e-01       -1.627882    -2.473899  3.33955e+00      5.093074
  6.30957e+08  3.89935e+09      6.18005e+00  2.18246e-01       -1.617754    -2.470512  3.01370e+00      5.041751
  7.07946e+08  3.94664e+09      5.57478e+00  2.19387e-01       -1.607560    -2.466878  2.71983e+00      4.990617
  7.94328e+08  3.99564e+09      5.03021e+00  2.20540e-01       -1.597293    -2.463082  2.45470e+00      4.939643
  8.91251e+08  4.04256e+09      4.53582e+00  2.21705e-01       -1.586958    -2.459632  2.21555e+00      4.888853
  1.00000e+09  4.09309e+09      4.09309e+00  2.22882e-01       -1.576552    -2.455766  1.99983e+00      4.838247
  1.12202e+09  4.14375e+09      3.69312e+00  2.24072e-01       -1.566072    -2.451956  1.80518e+00      4.787806
  1.25893e+09  4.19347e+09      3.33099e+00  2.25273e-01       -1.555522    -2.448337  1.62957e+00      4.737560
  1.41254e+09  4.24713e+09      3.00674e+00  2.26487e-01       -1.544898    -2.444273  1.47113e+00      4.687494
  1.58489e+09  4.29916e+09      2.71259e+00  2.27714e-01       -1.534197    -2.440495  1.32815e+00      4.637602
  1.77828e+09  4.35254e+09      2.44761e+00  2.28952e-01       -1.523425    -2.436613  1.19914e+00      4.587914
  1.99526e+09  4.40903e+09      2.20975e+00  2.30204e-01       -1.512574    -2.432404  1.08271e+00      4.538400
  2.23872e+09  4.46282e+09      1.99347e+00  2.31468e-01       -1.501646    -2.428616  9.77626e-01      4.489074
  2.51189e+09  4.52023e+09      1.79953e+00  2.32744e-01       -1.490643    -2.424441  8.82801e-01      4.439951
  2.81838e+09  4.57901e+09      1.62469e+00  2.34034e-01       -1.479558    -2.420169  7.97196e-01      4.391004
  3.16228e+09  4.63552e+09      1.46588e+00  2.35336e-01       -1.468395    -2.416260  7.19931e-01      4.342260
  3.54813e+09  4.69679e+09      1.32374e+00  2.36651e-01       -1.457152    -2.411830  6.50191e-01      4.293714
  3.98107e+09  4.75737e+09      1.19500e+00  2.37979e-01       -1.445824    -2.407569  5.87222e-01      4.245349
  4.46684e+09  4.81773e+09      1.07856e+00  2.39319e-01       -1.434418    -2.403412  5.30384e-01      4.197200
  5.01187e+09  4.88268e+09      9.74224e-01  2.40672e-01       -1.422926    -2.398769  4.79064e-01      4.149243
  5.62341e+09  4.94492e+09      8.79345e-01  2.42039e-01       -1.411348    -2.394543  4.32725e-01      4.101479
  6.30957e+09  5.00999e+09      7.94029e-01  2.43417e-01       -1.399688    -2.390050  3.90891e-01      4.053935
  7.07946e+09  5.07810e+09      7.17300e-01  2.44809e-01       -1.387938    -2.385272  3.53107e-01      4.006580
  7.94328e+09  5.14282e+09      6.47442e-01  2.46213e-01       -1.376101    -2.380988  3.18989e-01      3.959435
  8.91251e+09  5.21268e+09      5.84872e-01  2.47630e-01       -1.364178    -2.376169  2.88181e-01      3.912506
  1.00000e+10  5.28327e+09      5.28327e-01  2.49059e-01       -1.352161    -2.371350  2.60351e-01      3.865770
  1.12202e+10  5.35174e+09      4.76974e-01  2.50500e-01       -1.340056    -2.366866  2.35218e-01      3.819258
  1.25893e+10  5.42614e+09      4.31013e-01  2.51954e-01       -1.327859    -2.361768  2.12519e-01      3.772957
  1.41254e+10  5.49861e+09      3.89271e-01  2.53420e-01       -1.315565    -2.356986  1.92012e-01      3.726856
  1.58489e+10  5.57214e+09      3.51578e-01  2.54897e-01       -1.303182    -2.352163  1.73490e-01      3.680991
  1.77828e+10  5.65073e+09      3.17764e-01  2.56387e-01       -1.290700    -2.346842  1.56757e-01      3.635330
  1.99526e+10  5.72529e+09      2.86944e-01  2.57887e-01       -1.278120    -2.342075  1.41639e-01      3.589886
  2.23872e+10  5.80461e+09      2.59282e-01  2.59399e-01       -1.265447    -2.336847  1.27983e-01      3.544677
  2.51189e+10  5.88654e+09      2.34347e-01  2.60921e-01       -1.252670    -2.331411  1.15643e-01      3.499673
  2.81838e+10  5.96448e+09      2.11628e-01  2.62454e-01       -1.239794    -2.326515  1.04493e-01      3.454902
  3.16228e+10  6.04928e+09      1.91295e-01  2.63997e-01       -1.226818    -2.320931  9.44203e-02      3.410361
  3.54813e+10  6.13366e+09      1.72870e-01  2.65550e-01       -1.213734    -2.315485  8.53162e-02      3.366031
  3.98107e+10  6.21657e+09      1.56153e-01  2.67111e-01       -1.200551    -2.310288  7.70906e-02      3.321948
  4.46684e+10  6.30652e+09      1.41185e-01  2.68681e-01       -1.187261    -2.304397  6.96571e-02      3.278090
  5.01187e+10  6.39271e+09      1.27551e-01  2.70260e-01       -1.173860    -2.299008  6.29387e-02      3.234454
  5.62341e+10  6.48194e+09      1.15267e-01  2.71845e-01       -1.160357    -2.293368  5.68683e-02      3.191072
  6.30957e+10  6.57629e+09      1.04227e-01  2.73437e-01       -1.146739    -2.287258  5.13809e-02      3.147911
  7.07946e+10  6.66509e+09      9.41468e-02  2.75035e-01       -1.133010    -2.281832  4.64216e-02      3.104989
  7.94328e+10  6.76089e+09      8.51146e-02  2.76638e-01       -1.119172    -2.275729  4.19400e-02      3.062319
  8.91251e+10  6.85837e+09      7.69522e-02  2.78246e-01       -1.105214    -2.269532  3.78884e-02      3.019872
  1.00000e+11  6.95141e+09      6.95141e-02  2.79856e-01       -1.091145    -2.263883  3.42267e-02      2.977682
  1.12202e+11  7.05317e+09      6.28614e-02  2.81469e-01       -1.076959    -2.257386  3.09173e-02      2.935738
  1.25893e+11  7.15249e+09      5.68142e-02  2.83083e-01       -1.062648    -2.251223  2.79254e-02      2.894025
  1.41254e+11  7.25163e+09      5.13376e-02  2.84696e-01       -1.048224    -2.245145  2.52216e-02      2.852581
  1.58489e+11  7.35868e+09      4.64302e-02  2.86308e-01       -1.033674    -2.238313  2.27774e-02      2.811377
  1.77828e+11  7.45935e+09      4.19470e-02  2.87917e-01       -1.018999    -2.232208  2.05680e-02      2.770420
  1.99526e+11  7.56570e+09      3.79183e-02  2.89520e-01       -1.004204    -2.225574  1.85714e-02      2.729735
  2.23872e+11  7.67648e+09      3.42896e-02  2.91118e-01       -0.989276    -2.218547  1.67662e-02      2.689288
  2.51189e+11  7.77988e+09      3.09723e-02  2.92707e-01       -0.974222    -2.212321  1.51346e-02      2.649106
  2.81838e+11  7.89279e+09      2.80047e-02  2.94285e-01       -0.959041    -2.205176  1.36602e-02      2.609192
  3.16228e+11  8.00540e+09      2.53153e-02  2.95852e-01       -0.943720    -2.198105  1.23272e-02      2.569522
  3.54813e+11  8.11343e+09      2.28667e-02  2.97404e-01       -0.928272    -2.191524  1.11226e-02      2.530133
  3.98107e+11  8.23183e+09      2.06774e-02  2.98938e-01       -0.912686    -2.183935  1.00340e-02      2.491005
  4.46684e+11  8.34435e+09      1.86807e-02  3.00453e-01       -0.896958    -2.176952  9.05009e-03      2.452133
  5.01187e+11  8.45874e+09      1.68774e-02  3.01944e-01       -0.881099    -2.169790  8.16114e-03      2.413550
  5.62341e+11  8.58105e+09      1.52595e-02  3.03411e-01       -0.865092    -2.161855  7.35771e-03      2.375225
  6.30957e+11  8.69334e+09      1.37780e-02  3.04848e-01       -0.848942    -2.154891  6.63178e-03      2.337172
  7.07946e+11  8.81427e+09      1.24505e-02  3.06252e-01       -0.832652    -2.147063  5.97606e-03      2.299409
  7.94328e+11  8.93763e+09      1.12518e-02  3.07620e-01       -0.816207    -2.138973  5.38351e-03      2.261904
  8.91251e+11  9.05122e+09      1.01556e-02  3.08947e-01       -0.799618    -2.131776  4.84832e-03      2.224690
  1.00000e+12  9.17670e+09      9.17670e-03  3.10230e-01       -0.782879    -2.123379  4.36501e-03      2.187761
  1.12202e+12  9.29789e+09      8.28675e-03  3.11464e-01       -0.765978    -2.115320  3.92843e-03      2.151097
  1.25893e+12  9.41463e+09      7.47831e-03  3.12643e-01       -0.748931    -2.107590  3.53430e-03      2.114738
  1.41254e+12  9.54253e+09      6.75560e-03  3.13762e-01       -0.731722    -2.098694  3.17845e-03      2.078658
  1.58489e+12  9.65874e+09      6.09426e-03  3.14817e-01       -0.714349    -2.090774  2.85721e-03      2.042857
  1.77828e+12  9.77942e+09      5.49937e-03  3.15800e-01       -0.696824    -2.082280  2.56736e-03      2.007367
  1.99526e+12  9.90602e+09      4.96477e-03  3.16706e-01       -0.679125    -2.073061  2.30576e-03      1.972152
  2.23872e+12  1.00173e+10      4.47455e-03  3.17529e-01       -0.661262    -2.065077  2.06978e-03      1.937235
  2.51189e+12  1.01397e+10      4.03668e-03  3.18259e-01       -0.643236    -2.055824  1.85700e-03      1.902627
  2.81838e+12  1.02600e+10      3.64037e-03  3.18891e-01       -0.625027    -2.046519  1.66507e-03      1.868297
  3.16228e+12  1.03672e+10      3.27838e-03  3.19417e-01       -0.606654    -2.038141  1.49210e-03      1.834283
  3.54813e+12  1.04873e+10      2.95573e-03  3.19827e-01       -0.588104    -2.028239  1.33625e-03      1.800571
  3.98107e+12  1.05956e+10      2.66149e-03  3.20113e-01       -0.569366    -2.019085  1.19582e-03      1.767146
  4.46684e+12  1.06994e+10      2.39530e-03  3.20265e-01       -0.550459    -2.009945  1.06940e-03      1.734050
  5.01187e+12  1.08126e+10      2.15739e-03  3.20274e-01       -0.531362    -1.999502  9.55581e-04      1.701248
  5.62341e+12  1.09048e+10      1.93918e-03  3.20129e-01       -0.512075    -1.990512  8.53167e-04      1.668750
  6.30957e+12  1.10034e+10      1.74391e-03  3.19819e-01       -0.492611    -1.980401  7.61090e-04      1.636584
  7.07946e+12  1.11019e+10      1.56819e-03  3.19333e-01       -0.472942    -1.969703  6.78287e-04      1.604709
  7.94328e+12  1.11771e+10      1.40712e-03  3.18659e-01       -0.453086    -1.960526  6.03905e-04      1.573159
  8.91251e+12  1.12640e+10      1.26384e-03  3.17785e-01       -0.433037    -1.949566  5.37131e-04      1.541934
  1.00000e+13  1.13392e+10      1.13392e-03  3.16697e-01       -0.412775    -1.938916  4.77186e-04      1.511005
  1.12202e+13  1.13966e+10      1.01573e-03  3.15383e-01       -0.392325    -1.929103  4.23445e-04      1.480419
  1.25893e+13  1.14644e+10      9.10652e-04  3.13828e-01       -0.371665    -1.917396  3.75286e-04      1.450147
  1.41254e+13  1.15071e+10      8.14639e-04  3.12019e-01       -0.350788    -1.907066  3.32154e-04      1.420186
  1.58489e+13  1.15442e+10      7.28388e-04  3.09942e-01       -0.329716    -1.896196  2.93578e-04      1.390574
  1.77828e+13  1.15832e+10      6.51372e-04  3.07580e-01       -0.308418    -1.883961  2.59084e-04      1.361270
  1.99526e+13  1.15880e+10      5.80776e-04  3.04921e-01       -0.286903    -1.873763  2.28280e-04      1.332295
  2.23872e+13  1.15978e+10      5.18053e-04  3.01951e-01       -0.265181    -1.861726  2.00809e-04      1.303667
  2.51189e+13  1.15956e+10      4.61628e-04  2.98651e-01       -0.243218    -1.849366  1.76317e-04      1.275347
  2.81838e+13  1.15594e+10      4.10142e-04  2.95012e-01       -0.221041    -1.838807  1.54523e-04      1.247375
  3.16228e+13  1.15307e+10      3.64632e-04  2.91017e-01       -0.198638    -1.825793  1.35154e-04      1.219740
  3.54813e+13  1.14743e+10      3.23388e-04  2.86651e-01       -0.175985    -1.813739  1.17953e-04      1.192420
  3.98107e+13  1.13942e+10      2.86209e-04  2.81908e-01       -0.153118    -1.802196  1.02713e-04      1.165462
  4.46684e+13  1.13159e+10      2.53332e-04  2.76770e-01       -0.130002    -1.788339  8.92248e-05      1.138830
  5.01187e+13  1.11949e+10      2.23367e-04  2.71228e-01       -0.106635    -1.776810  7.73073e-05      1.112529
  5.62341e+13  1.10656e+10      1.96778e-04  2.65281e-01       -0.083046    -1.763829  6.68037e-05      1.086591
  6.30957e+13  1.09246e+10      1.73143e-04  2.58913e-01       -0.059187    -1.749562  5.75557e-05      1.060973
  7.07946e+13  1.07359e+10      1.51648e-04  2.52126e-01       -0.035083    -1.738086  4.94359e-05      1.035705
  7.94328e+13  1.05475e+10      1.32785e-04  2.44922e-01       -0.010736    -1.723766  4.23250e-05      1.010794
  8.91251e+13  1.03320e+10      1.15927e-04  2.37292e-01        0.013894    -1.709640  3.61072e-05      0.986202
  1.00000e+14  1.00761e+10      1.00761e-04  2.29258e-01        0.038764    -1.697502  3.06900e-05      0.961978
  1.12202e+14  9.82056e+09      8.75258e-05  2.20822e-01        0.063903    -1.682039  2.59828e-05      0.938096
  1.25893e+14  9.52361e+09      7.56487e-05  2.11994e-01        0.089330    -1.668663  2.19035e-05      0.914544
  1.41254e+14  9.20419e+09      6.51607e-05  2.02810e-01        0.114998    -1.655055  1.83832e-05      0.891368
  1.58489e+14  8.87820e+09      5.60177e-05  1.93281e-01        0.140963    -1.638726  1.53538e-05      0.868522
  1.77828e+14  8.50456e+09      4.78247e-05  1.83442e-01        0.167211    -1.626077  1.27577e-05      0.846021
  1.99526e+14  8.12698e+09      4.07314e-05  1.73344e-01        0.193715    -1.610588  1.05438e-05      0.823892
  2.23872e+14  7.73304e+09      3.45422e-05  1.63008e-01        0.220538    -1.594112  8.66199e-06      0.802087
  2.51189e+14  7.30027e+09      2.90629e-05  1.52505e-01        0.247633    -1.581386  7.07186e-06      0.780646
  2.81838e+14  6.87365e+09      2.43886e-05  1.41888e-01        0.275012    -1.564345  5.73557e-06      0.759563
  3.16228e+14  6.42599e+09      2.03208e-05  1.31205e-01        0.302722    -1.548557  4.61784e-06      0.738804
  3.54813e+14  5.96075e+09      1.67997e-05  1.20550e-01        0.330696    -1.534638  3.68982e-06      0.718424
  3.98107e+14  5.50630e+09      1.38312e-05  1.09976e-01        0.358988    -1.516221  2.92405e-06      0.698383
  4.46684e+14  5.03297e+09      1.12674e-05  9.95596e-02        0.387610    -1.501866  2.29659e-06      0.678677
  5.01187e+14  4.56811e+09      9.11458e-06  8.94009e-02        0.416501    -1.485729  1.78704e-06      0.659350
  5.62341e+14  4.11621e+09      7.31978e-06  7.95514e-02        0.445744    -1.466587  1.37618e-06      0.640348
  6.30957e+14  3.65924e+09      5.79950e-06  7.01036e-02        0.475300    -1.453110  1.04820e-06      0.621698
  7.07946e+14  3.22938e+09      4.56162e-06  6.11383e-02        0.505151    -1.434637  7.89168e-07      0.603415
  7.94328e+14  2.81701e+09      3.54641e-06  5.27008e-02        0.535377    -1.415907  5.86467e-07      0.585449
  8.91251e+14  2.41967e+09      2.71491e-06  4.48753e-02        0.565895    -1.402071  4.29934e-07      0.567852
  1.00000e+15  2.05869e+09      2.05869e-06  3.77002e-02        0.596746    -1.381705  3.10594e-07      0.550600
  1.12202e+15  1.72170e+09      1.53447e-06  3.12025e-02        0.627980    -1.364774  2.20764e-07      0.533669
  1.25893e+15  1.41659e+09      1.12524e-06  2.54257e-02        0.659493    -1.348870  1.54272e-07      0.517113
  1.41254e+15  1.14928e+09      8.13631e-07  2.03573e-02        0.691386    -1.326917  1.05800e-07      0.500881
  1.58489e+15  9.10645e+08      5.74578e-07  1.59914e-02        0.723645    -1.312390  7.10948e-08      0.484981
  1.77828e+15  7.09087e+08      3.98749e-07  1.23114e-02        0.756197    -1.293128  4.67616e-08      0.469448
  1.99526e+15  5.40434e+08      2.70859e-07  9.26276e-03        0.789169    -1.270935  3.00214e-08      0.454222
  2.23872e+15  3.99954e+08      1.78653e-07  6.80172e-03        0.822474    -1.257386  1.87836e-08      0.439343
  2.51189e+15  2.89652e+08      1.15313e-07  4.86412e-03        0.856113    -1.235253  1.14345e-08      0.424810
  2.81838e+15  2.03358e+08      7.21542e-08  3.37554e-03        0.890194    -1.214630  6.74780e-09      0.410576
  3.16228e+15  1.37921e+08      4.36143e-08  2.27065e-03        0.924572    -1.199933  3.85358e-09      0.396701
  3.54813e+15  9.07971e+07      2.55901e-08  1.47465e-03        0.959342    -1.175298  2.12347e-09      0.383145
  3.98107e+15  5.72298e+07      1.43755e-08  9.21002e-04        0.994548    -1.158505  1.12433e-09      0.369891
  4.46684e+15  3.46663e+07      7.76082e-09  5.52368e-04        1.030035    -1.140105  5.70928e-10      0.356994
  5.01187e+15  2.01167e+07      4.01382e-09  3.16069e-04        1.065979    -1.113813  2.76562e-10      0.344390
  5.62341e+15  1.10208e+07      1.95980e-09  1.71941e-04        1.102318    -1.100488  1.27222e-10      0.332101
  6.30957e+15  5.75046e+06      9.11387e-10  8.86263e-05        1.138968    -1.077131  5.54419e-11      0.320149
  7.07946e+15  2.82027e+06      3.98374e-10  4.28976e-05        1.176126    -1.051650  2.26979e-11      0.308471
  7.94328e+15  1.28671e+06      1.61987e-10  1.94483e-05        1.213612    -1.039309  8.68890e-12      0.297122
  8.91251e+15  5.49816e+05      6.16904e-11  8.19683e-06        1.251480    -1.012164  3.09696e-12      0.286081
  1.00000e+16  2.15379e+05      2.15379e-11  3.17711e-06        1.289870    -0.990994  1.01625e-12      0.275306
  1.12202e+16  7.72244e+04      6.88263e-12  1.13051e-06        1.328528    -0.975639  3.05737e-13      0.264867
  1.25893e+16  2.52457e+04      2.00534e-12  3.64028e-07        1.367662    -0.944764  8.35383e-14      0.254702
  1.41254e+16  7.32675e+03      5.18694e-13  1.04927e-07        1.407283    -0.930655  2.04375e-14      0.244808
  1.58489e+16  1.90371e+03      1.20116e-13  2.69702e-08        1.447168    -0.908166  4.46725e-15      0.235236
  1.77828e+16  4.32965e+02      2.43474e-14  6.04136e-09        1.487626    -0.876133  8.55655e-16      0.225908
  1.99526e+16  8.42334e+01      4.22167e-15  1.17020e-09        1.528477    -0.866800  1.41428e-16      0.216866
  2.23872e+16  1.41277e+01      6.31063e-16  1.93595e-10        1.569660    -0.837345  2.01096e-17      0.208116
  2.51189e+16  1.96092e+00      7.80655e-17  2.65145e-11        1.611480    -0.808280  2.38134e-18      0.199592
  2.81838e+16  2.22741e-01      7.90315e-18  2.99801e-12        1.653582    -0.798206  2.32123e-19      0.191363
  3.16228e+16  2.04940e-02      6.48076e-19  2.71404e-13        1.696155    -0.762211  1.83426e-20      0.183387
  3.54813e+16  1.44615e-03      4.07580e-20  1.89947e-14        1.739363    -0.743737  1.12178e-21      0.175632
  3.98107e+16  7.89565e-05      1.98330e-21  1.03058e-15        1.782731    -0.729540  5.32514e-23      0.168178
  4.46684e+16  3.19469e-06      7.15202e-23  4.10766e-17        1.826635    -0.695144  1.88094e-24      0.160954
  5.01187e+16  9.14446e-08      1.82456e-24  1.17795e-18        1.870898    -0.699410  4.73230e-26      0.153985
  5.62341e+16  1.89847e-09      3.37602e-26  2.42930e-20        1.915133    -0.684031  8.64995e-28      0.147322
  6.30957e+16  2.62758e-11      4.16444e-28  3.32861e-22        1.959831    -0.660611  1.05804e-29      0.140882
  7.07946e+16  2.38428e-13      3.36789e-30  3.04199e-24        2.004530    -0.677217  8.50841e-32      0.134724
  7.94328e+16  1.40480e-15      1.76854e-32  1.77349e-26        2.049287    -0.652553  4.44784e-34      0.128827
  8.91251e+16  4.71479e-18      5.29008e-35  5.90643e-29        2.094610    -0.634371  1.32712e-36      0.123118
  1.00000e+17  9.19832e-21      9.19832e-38  1.15399e-31        2.139853    -0.637802  2.30375e-39      0.117672
  1.12202e+17  9.36181e-24      8.34372e-41  1.15240e-34        2.185581    -0.592503  2.08763e-42      0.112412
  1.25893e+17  4.27850e-27      3.39854e-44  5.25457e-38        2.231991    -0.586965  8.49964e-46      0.107315
  1.41254e+17  9.30684e-31      6.58874e-48  1.13290e-41        2.278385    -0.565441  1.64742e-49      0.102449
  1.58489e+17  7.45979e-35      4.70681e-52  8.86716e-46        2.325680    -0.506836  1.17676e-53      0.097717
  1.77828e+17  1.99806e-39      1.12359e-56  2.38114e-50        2.373527    -0.513248  2.80902e-58      0.093152
  1.99526e+17  1.78648e-44      8.95363e-62  2.08923e-55        2.421601    -0.465916  2.23841e-63      0.088779
  2.23872e+17  3.55400e-50      1.58751e-67  4.06931e-61        2.470838    -0.411751  3.96879e-69      0.084514
  2.51189e+17  1.66079e-56      6.61171e-74  1.91031e-67        2.520261    -0.423569  1.65293e-75      0.080439
  2.81838e+17  1.43793e-63      5.10195e-81  1.61275e-74        2.570260    -0.357728  1.27549e-82      0.076516
  3.16228e+17  1.37484e-71      4.34764e-89  1.52536e-82        2.621503    -0.328901  1.08691e-90      0.072694
  3.54813e+17  1.89872e-80      5.35131e-98  2.10482e-91        2.672570    -0.326658  1.33783e-99      0.069074
  3.98107e+17  1.89519e-90     4.76049e-108 2.03850e-101        2.724620    -0.244818 1.19012e-109      0.065571
  4.46684e+17 8.89689e-102     1.99177e-119 9.62845e-113        2.777607    -0.261639 4.97941e-121      0.062187
  5.01187e+17 2.64834e-114     5.28414e-132 2.82471e-125        2.830347    -0.221503 1.32103e-133      0.058992
  5.62341e+17 1.29517e-128     2.30317e-146 1.34183e-139        2.884503    -0.139531 5.75794e-148      0.055883
  6.30957e+17 1.15824e-144     1.83569e-162 1.22101e-155        2.938905    -0.188812 4.58922e-164      0.052924
  7.07946e+17 1.46464e-162     2.06886e-180 1.50635e-173        2.993369    -0.118529 5.17214e-182      0.050118
  7.94328e+17 3.48741e-183     4.39039e-201 3.51321e-194        3.049535    -0.058233 1.09760e-202      0.047381
  8.91251e+17 5.05751e-206     5.67462e-224 5.18987e-217        3.105110    -0.112047 5.10181e-227      0.044820