#           M   M*dndlnm_ dndlnm_Millennium     f(sig)_  lnsigma_Millennium  neff_Millennium       ngtm_  sigma_Millennium
  1.00000e+08 1.13276e+09       1.13276e+01 1.97259e-01           -1.812914        -2.503439 1.25872e+01          6.128279
  1.12202e+08 1.14503e+09       1.02051e+01 1.98246e-01           -1.803359        -2.500560 1.13476e+01          6.070002
  1.25893e+08 1.15809e+09       9.19906e+00 1.99244e-01           -1.793745        -2.497393 1.02306e+01          6.011926
  1.41254e+08 1.17067e+09       8.28772e+00 2.00252e-01           -1.784073        -2.494492 9.22402e+00          5.954055
  1.58489e+08 1.18377e+09       7.46906e+00 2.01270e-01           -1.774344        -2.491423 8.31698e+00          5.896412
  1.77828e+08 1.19738e+09       6.73339e+00 2.02299e-01           -1.764554        -2.488190 7.49942e+00          5.838968
  1.99526e+08 1.21042e+09       6.06645e+00 2.03339e-01           -1.754705        -2.485266 6.76261e+00          5.781743
  2.23872e+08 1.22438e+09       5.46910e+00 2.04390e-01           -1.744798        -2.482004 6.09857e+00          5.724743
  2.51189e+08 1.23844e+09       4.93031e+00 2.05452e-01           -1.734826        -2.478764 5.49993e+00          5.667944
  2.81838e+08 1.25215e+09       4.44281e+00 2.06524e-01           -1.724796        -2.475728 4.96037e+00          5.611378
  3.16228e+08 1.26696e+09       4.00647e+00 2.07608e-01           -1.714704        -2.472299 4.47399e+00          5.555031
  3.54813e+08 1.28137e+09       3.61139e+00 2.08704e-01           -1.704547        -2.469098 4.03547e+00          5.498892
  3.98107e+08 1.29602e+09       3.25545e+00 2.09810e-01           -1.694329        -2.465861 3.64018e+00          5.442995
  4.46684e+08 1.31159e+09       2.93629e+00 2.10929e-01           -1.684046        -2.462309 3.28376e+00          5.387310
  5.01187e+08 1.32642e+09       2.64655e+00 2.12059e-01           -1.673698        -2.459129 2.96238e+00          5.331847
  5.62341e+08 1.34214e+09       2.38670e+00 2.13200e-01           -1.663287        -2.455647 2.67265e+00          5.276626
  6.30957e+08 1.35834e+09       2.15282e+00 2.14354e-01           -1.652807        -2.452043 2.41133e+00          5.221614
  7.07946e+08 1.37382e+09       1.94057e+00 2.15519e-01           -1.642261        -2.448795 2.17569e+00          5.166841
  7.94328e+08 1.39061e+09       1.75067e+00 2.16697e-01           -1.631650        -2.445091 1.96321e+00          5.112302
  8.91251e+08 1.40728e+09       1.57899e+00 2.17887e-01           -1.620967        -2.441506 1.77154e+00          5.057977
  1.00000e+09 1.42373e+09       1.42373e+00 2.19089e-01           -1.610218        -2.438075 1.59869e+00          5.003903
  1.12202e+09 1.44153e+09       1.28476e+00 2.20303e-01           -1.599399        -2.434189 1.44278e+00          4.950056
  1.25893e+09 1.45860e+09       1.15861e+00 2.21530e-01           -1.588507        -2.430658 1.30212e+00          4.896433
  1.41254e+09 1.47630e+09       1.04514e+00 2.22769e-01           -1.577548        -2.426953 1.17527e+00          4.843065
  1.58489e+09 1.49497e+09       9.43263e-01 2.24022e-01           -1.566513        -2.422950 1.06080e+00          4.789919
  1.77828e+09 1.51264e+09       8.50617e-01 2.25286e-01           -1.555407        -2.419410 9.57540e-01          4.737012
  1.99526e+09 1.53167e+09       7.67652e-01 2.26564e-01           -1.544229        -2.415420 8.64385e-01          4.684357
  2.23872e+09 1.55101e+09       6.92813e-01 2.27854e-01           -1.532972        -2.411389 7.80314e-01          4.631923
  2.51189e+09 1.56962e+09       6.24877e-01 2.29158e-01           -1.521643        -2.407715 7.04462e-01          4.579745
  2.81838e+09 1.58992e+09       5.64123e-01 2.30474e-01           -1.510238        -2.403483 6.36017e-01          4.527810
  3.16228e+09 1.60976e+09       5.09052e-01 2.31803e-01           -1.498753        -2.399500 5.74240e-01          4.476102
  3.54813e+09 1.62971e+09       4.59314e-01 2.33145e-01           -1.487194        -2.395560 5.18497e-01          4.424661
  3.98107e+09 1.65118e+09       4.14757e-01 2.34501e-01           -1.475553        -2.391137 4.68181e-01          4.373454
  4.46684e+09 1.67154e+09       3.74210e-01 2.35869e-01           -1.463831        -2.387206 4.22765e-01          4.322489
  5.01187e+09 1.69308e+09       3.37813e-01 2.37251e-01           -1.452033        -2.382923 3.81777e-01          4.271790
  5.62341e+09 1.71550e+09       3.05064e-01 2.38645e-01           -1.440149        -2.378404 3.44770e-01          4.221323
  6.30957e+09 1.73672e+09       2.75251e-01 2.40053e-01           -1.428183        -2.374407 3.11365e-01          4.171114
  7.07946e+09 1.75982e+09       2.48581e-01 2.41473e-01           -1.416136        -2.369813 2.81210e-01          4.121165
  7.94328e+09 1.78296e+09       2.24462e-01 2.42907e-01           -1.403999        -2.365295 2.53980e-01          4.071449
  8.91251e+09 1.80550e+09       2.02580e-01 2.44354e-01           -1.391781        -2.361078 2.29397e-01          4.022007
  1.00000e+10 1.83008e+09       1.83008e-01 2.45813e-01           -1.379475        -2.356223 2.07201e-01          3.972816
  1.12202e+10 1.85375e+09       1.65215e-01 2.47285e-01           -1.367078        -2.351780 1.87156e-01          3.923868
  1.25893e+10 1.87803e+09       1.49178e-01 2.48769e-01           -1.354597        -2.347205 1.69058e-01          3.875200
  1.41254e+10 1.90393e+09       1.34788e-01 2.50266e-01           -1.342023        -2.342161 1.52711e-01          3.826776
  1.58489e+10 1.92830e+09       1.21667e-01 2.51776e-01           -1.329357        -2.337736 1.37949e-01          3.778612
  1.77828e+10 1.95452e+09       1.09911e-01 2.53296e-01           -1.316603        -2.332762 1.24618e-01          3.730725
  1.99526e+10 1.98142e+09       9.93062e-02 2.54830e-01           -1.303750        -2.327649 1.12574e-01          3.683081
  2.23872e+10 2.00697e+09       8.96480e-02 2.56374e-01           -1.290805        -2.323081 1.01697e-01          3.635713
  2.51189e+10 2.03498e+09       8.10142e-02 2.57930e-01           -1.277766        -2.317772 9.18733e-02          3.588615
  2.81838e+10 2.06257e+09       7.31827e-02 2.59497e-01           -1.264625        -2.312700 8.29970e-02          3.541765
  3.16228e+10 2.08988e+09       6.60879e-02 2.61074e-01           -1.251392        -2.307804 7.49799e-02          3.495204
  3.54813e+10 2.11957e+09       5.97377e-02 2.62661e-01           -1.238056        -2.302213 6.77368e-02          3.448904
  3.98107e+10 2.14770e+09       5.39477e-02 2.64258e-01           -1.224618        -2.297228 6.11926e-02          3.402865
  4.46684e+10 2.17720e+09       4.87414e-02 2.65864e-01           -1.211083        -2.291877 5.52813e-02          3.357119
  5.01187e+10 2.20825e+09       4.40603e-02 2.67479e-01           -1.197440        -2.286115 4.99392e-02          3.311627
  5.62341e+10 2.23730e+09       3.97855e-02 2.69102e-01           -1.183693        -2.281084 4.51126e-02          3.266415
  6.30957e+10 2.26898e+09       3.59610e-02 2.70732e-01           -1.169844        -2.275293 4.07523e-02          3.221490
  7.07946e+10 2.30096e+09       3.25019e-02 2.72369e-01           -1.155881        -2.269499 3.68113e-02          3.176821
  7.94328e+10 2.33156e+09       2.93526e-02 2.74011e-01           -1.141815        -2.264220 3.32507e-02          3.132449
  8.91251e+10 2.36521e+09       2.65381e-02 2.75659e-01           -1.127638        -2.258060 3.00333e-02          3.088354
  1.00000e+11 2.39768e+09       2.39768e-02 2.77311e-01           -1.113345        -2.252356 2.71255e-02          3.044525
  1.12202e+11 2.43048e+09       2.16617e-02 2.78965e-01           -1.098946        -2.246622 2.44983e-02          3.001001
  1.25893e+11 2.46586e+09       1.95870e-02 2.80621e-01           -1.084428        -2.240168 2.21238e-02          2.957747
  1.41254e+11 2.49882e+09       1.76903e-02 2.82279e-01           -1.069793        -2.234533 1.99780e-02          2.914775
  1.58489e+11 2.53413e+09       1.59893e-02 2.83935e-01           -1.055046        -2.228245 1.80392e-02          2.872108
  1.77828e+11 2.57066e+09       1.44559e-02 2.85590e-01           -1.040173        -2.221656 1.62867e-02          2.829707
  1.99526e+11 2.60470e+09       1.30544e-02 2.87241e-01           -1.025184        -2.215882 1.47030e-02          2.787607
  2.23872e+11 2.64221e+09       1.18023e-02 2.88886e-01           -1.010074        -2.209118 1.32722e-02          2.745804
  2.51189e+11 2.67927e+09       1.06664e-02 2.90525e-01           -0.994833        -2.202551 1.19788e-02          2.704273
  2.81838e+11 2.71513e+09       9.63363e-03 2.92155e-01           -0.979475        -2.196387 1.08102e-02          2.663057
  3.16228e+11 2.75454e+09       8.71063e-03 2.93774e-01           -0.963987        -2.189213 9.75422e-03          2.622129
  3.54813e+11 2.79157e+09       7.86770e-03 2.95380e-01           -0.948365        -2.182784 8.79990e-03          2.581485
  3.98107e+11 2.82983e+09       7.10820e-03 2.96970e-01           -0.932621        -2.176018 7.93781e-03          2.541162
  4.46684e+11 2.87056e+09       6.42638e-03 2.98542e-01           -0.916738        -2.168560 7.15870e-03          2.501120
  5.01187e+11 2.90777e+09       5.80176e-03 3.00094e-01           -0.900722        -2.162137 6.45479e-03          2.461380
  5.62341e+11 2.94838e+09       5.24304e-03 3.01621e-01           -0.884576        -2.154736 5.81900e-03          2.421957
  6.30957e+11 2.98949e+09       4.73802e-03 3.03122e-01           -0.868283        -2.147195 5.24445e-03          2.382816
  7.07946e+11 3.02754e+09       4.27651e-03 3.04592e-01           -0.851857        -2.140508 4.72553e-03          2.343995
  7.94328e+11 3.06988e+09       3.86475e-03 3.06028e-01           -0.835290        -2.132578 4.25688e-03          2.305482
  8.91251e+11 3.11034e+09       3.48986e-03 3.07426e-01           -0.818571        -2.125145 3.83352e-03          2.267257
  1.00000e+12 3.14997e+09       3.14997e-03 3.08782e-01           -0.801717        -2.117887 3.45130e-03          2.229366
  1.12202e+12 3.19339e+09       2.84611e-03 3.10092e-01           -0.784711        -2.109507 3.10613e-03          2.191773
  1.25893e+12 3.23253e+09       2.56769e-03 3.11352e-01           -0.767552        -2.102239 2.79449e-03          2.154485
  1.41254e+12 3.27403e+09       2.31783e-03 3.12554e-01           -0.750251        -2.094210 2.51326e-03          2.117531
  1.58489e+12 3.31724e+09       2.09304e-03 3.13695e-01           -0.732787        -2.085594 2.25935e-03          2.080871
  1.77828e+12 3.35541e+09       1.88688e-03 3.14769e-01           -0.715170        -2.078229 2.03025e-03          2.044535
  1.99526e+12 3.39794e+09       1.70300e-03 3.15769e-01           -0.697401        -2.069501 1.82360e-03          2.008526
  2.23872e+12 3.43941e+09       1.53633e-03 3.16690e-01           -0.679461        -2.060883 1.63712e-03          1.972815
  2.51189e+12 3.47715e+09       1.38428e-03 3.17524e-01           -0.661369        -2.053072 1.46900e-03          1.937444
  2.81838e+12 3.51958e+09       1.24880e-03 3.18264e-01           -0.643111        -2.043744 1.31743e-03          1.902390
  3.16228e+12 3.55760e+09       1.12501e-03 3.18903e-01           -0.624678        -2.035351 1.18078e-03          1.867644
  3.54813e+12 3.59529e+09       1.01329e-03 3.19431e-01           -0.606089        -2.026743 1.05769e-03          1.833247
  3.98107e+12 3.63611e+09       9.13349e-04 3.19841e-01           -0.587319        -2.016958 9.46784e-04          1.799159
  4.46684e+12 3.66987e+09       8.21582e-04 3.20124e-01           -0.568375        -2.008706 8.46914e-04          1.765396
  5.01187e+12 3.70689e+09       7.39621e-04 3.20270e-01           -0.549265        -1.999163 7.57044e-04          1.731980
  5.62341e+12 3.74370e+09       6.65734e-04 3.20269e-01           -0.529964        -1.989220 6.76145e-04          1.698871
  6.30957e+12 3.77327e+09       5.98023e-04 3.20110e-01           -0.510489        -1.980732 6.03397e-04          1.666106
  7.07946e+12 3.80758e+09       5.37835e-04 3.19783e-01           -0.490834        -1.970410 5.38012e-04          1.633678
  7.94328e+12 3.83769e+09       4.83137e-04 3.19275e-01           -0.470980        -1.960617 4.79240e-04          1.601563
  8.91251e+12 3.86315e+09       4.33453e-04 3.18576e-01           -0.450952        -1.951425 4.26477e-04          1.569806
  1.00000e+13 3.89261e+09       3.89261e-04 3.17671e-01           -0.430727        -1.940423 3.79118e-04          1.538376
  1.12202e+13 3.91339e+09       3.48782e-04 3.16549e-01           -0.410300        -1.930989 3.36633e-04          1.507270
  1.25893e+13 3.93411e+09       3.12498e-04 3.15198e-01           -0.389694        -1.920720 2.98566e-04          1.476528
  1.41254e+13 3.95555e+09       2.80031e-04 3.13600e-01           -0.368874        -1.909312 2.64458e-04          1.446105
  1.58489e+13 3.96594e+09       2.50234e-04 3.11745e-01           -0.347854        -1.899939 2.33933e-04          1.416026
  1.77828e+13 3.97949e+09       2.23783e-04 3.09617e-01           -0.326641        -1.888595 2.06646e-04          1.386303
  1.99526e+13 3.98900e+09       1.99924e-04 3.07201e-01           -0.305202        -1.877174 1.82256e-04          1.356898
  2.23872e+13 3.98833e+09       1.78152e-04 3.04484e-01           -0.283566        -1.867346 1.60492e-04          1.327857
  2.51189e+13 3.99128e+09       1.58896e-04 3.01451e-01           -0.261717        -1.855105 1.41090e-04          1.299159
  2.81838e+13 3.98469e+09       1.41382e-04 2.98084e-01           -0.239636        -1.844087 1.23805e-04          1.270787
  3.16228e+13 3.97217e+09       1.25611e-04 2.94377e-01           -0.217358        -1.833206 1.08435e-04          1.242789
  3.54813e+13 3.96085e+09       1.11632e-04 2.90309e-01           -0.194845        -1.820228 9.47786e-05          1.215122
  3.98107e+13 3.93512e+09       9.88458e-05 2.85869e-01           -0.172101        -1.809687 8.26625e-05          1.187798
  4.46684e+13 3.90874e+09       8.75059e-05 2.81050e-01           -0.149148        -1.797393 7.19352e-05          1.160845
  5.01187e+13 3.87842e+09       7.73847e-05 2.75832e-01           -0.125943        -1.784150 6.24434e-05          1.134217
  5.62341e+13 3.83260e+09       6.81543e-05 2.70214e-01           -0.102512        -1.773535 5.40655e-05          1.107951
  6.30957e+13 3.78836e+09       6.00414e-05 2.64188e-01           -0.078853        -1.760037 4.66859e-05          1.082045
  7.07946e+13 3.73458e+09       5.27523e-05 2.57739e-01           -0.054929        -1.747059 4.01930e-05          1.056466
  7.94328e+13 3.66831e+09       4.61813e-05 2.50879e-01           -0.030784        -1.735637 3.44979e-05          1.031263
  8.91251e+13 3.60284e+09       4.04245e-05 2.43599e-01           -0.006386        -1.721091 2.95125e-05          1.006406
  1.00000e+14 3.52220e+09       3.52220e-05 2.35899e-01            0.018280        -1.708906 2.51579e-05          0.981886
  1.12202e+14 3.43541e+09       3.06181e-05 2.27802e-01            0.043171        -1.695959 2.13679e-05          0.957748
  1.25893e+14 3.34587e+09       2.65772e-05 2.19302e-01            0.068340        -1.680722 1.80754e-05          0.933942
  1.41254e+14 3.23874e+09       2.29285e-05 2.10423e-01            0.093771        -1.669078 1.52257e-05          0.910491
  1.58489e+14 3.13086e+09       1.97544e-05 2.01195e-01            0.119443        -1.654398 1.27686e-05          0.887414
  1.77828e+14 3.01566e+09       1.69583e-05 1.91626e-01            0.145414        -1.639184 1.06553e-05          0.864664
  1.99526e+14 2.88555e+09       1.44620e-05 1.81766e-01            0.171635        -1.627272 8.84657e-06          0.842287
  2.23872e+14 2.75687e+09       1.23145e-05 1.71651e-01            0.198125        -1.611200 7.30519e-06          0.820267
  2.51189e+14 2.61763e+09       1.04210e-05 1.61311e-01            0.224923        -1.596813 5.99644e-06          0.798578
  2.81838e+14 2.47059e+09       8.76598e-06 1.50824e-01            0.251965        -1.583552 4.89195e-06          0.777272
  3.16228e+14 2.32501e+09       7.35233e-06 1.40226e-01            0.279309        -1.566276 3.96410e-06          0.756306
  3.54813e+14 2.16810e+09       6.11053e-06 1.29582e-01            0.306956        -1.553213 3.18912e-06          0.735683
  3.98107e+14 2.01200e+09       5.05392e-06 1.18981e-01            0.334856        -1.537747 2.54644e-06          0.715441
  4.46684e+14 1.85644e+09       4.15605e-06 1.08466e-01            0.363087        -1.520013 2.01627e-06          0.695526
  5.01187e+14 1.69379e+09       3.37955e-06 9.81314e-02            0.391607        -1.507477 1.58249e-06          0.675970
  5.62341e+14 1.53777e+09       2.73459e-06 8.80589e-02            0.420406        -1.489956 1.23053e-06          0.656780
  6.30957e+14 1.38296e+09       2.19185e-06 7.83025e-02            0.449557        -1.472771 9.46940e-07          0.637911
  7.07946e+14 1.22866e+09       1.73553e-06 6.89669e-02            0.478977        -1.459503 7.20862e-07          0.619417
  7.94328e+14 1.08422e+09       1.36495e-06 6.01084e-02            0.508717        -1.440262 5.42384e-07          0.601267
  8.91251e+14 9.43289e+08       1.05839e-06 5.17846e-02            0.538811        -1.424879 4.02886e-07          0.583441
  1.00000e+15 8.10814e+08       8.10814e-07 4.40784e-02            0.569169        -1.409382 2.95286e-07          0.565995
  1.12202e+15 6.89600e+08       6.14606e-07 3.70115e-02            0.599888        -1.388872 2.13232e-07          0.548873
  1.25893e+15 5.75383e+08       4.57043e-07 3.06259e-02            0.630944        -1.375431 1.51543e-07          0.532089
  1.41254e+15 4.74135e+08       3.35662e-07 2.49517e-02            0.662282        -1.356869 1.05911e-07          0.515673
  1.58489e+15 3.84254e+08       2.42448e-07 1.99734e-02            0.694015        -1.336449 7.26326e-08          0.499566
  1.77828e+15 3.04297e+08       1.71119e-07 1.56949e-02            0.726053        -1.323483 4.88258e-08          0.483815
  1.99526e+15 2.37259e+08       1.18911e-07 1.20857e-02            0.758415        -1.302450 3.21303e-08          0.468408
  2.23872e+15 1.80548e+08       8.06478e-08 9.09657e-03            0.791189        -1.283734 2.06427e-08          0.453305
  2.51189e+15 1.33856e+08       5.32891e-08 6.68695e-03            0.824241        -1.269069 1.29327e-08          0.438568
  2.81838e+15 9.70968e+07       3.44513e-08 4.78615e-03            0.857674        -1.245763 7.88198e-09          0.424148
  3.16228e+15 6.80732e+07       2.15266e-08 3.32650e-03            0.891509        -1.230465 4.65964e-09          0.410037
  3.54813e+15 4.63646e+07       1.30673e-08 2.24235e-03            0.925619        -1.212059 2.66825e-09          0.396286
  3.98107e+15 3.05797e+07       7.68126e-09 1.45908e-03            0.960165        -1.187729 1.47386e-09          0.382830
  4.46684e+15 1.92975e+07       4.32017e-09 9.14335e-04            0.995071        -1.174989 7.83004e-10          0.369697
  5.01187e+15 1.17570e+07       2.34584e-09 5.50283e-04            1.030288        -1.152512 3.99278e-10          0.356904
  5.62341e+15 6.83766e+06       1.21593e-09 3.16073e-04            1.065979        -1.129358 1.94247e-10          0.344391
  6.30957e+15 3.76741e+06       5.97094e-10 1.72971e-04            1.101974        -1.116610 8.98808e-11          0.332215
  7.07946e+15 1.97973e+06       2.79644e-10 8.96602e-05            1.138350        -1.090691 3.94117e-11          0.320347
  7.94328e+15 9.74592e+05       1.22694e-10 4.37012e-05            1.175211        -1.071588 1.62512e-11          0.308754
  8.91251e+15 4.49788e+05       5.04671e-11 1.99994e-05            1.212337        -1.055262 6.28328e-12          0.297501
  1.00000e+16 1.94088e+05       1.94088e-11 8.50387e-06            1.249927        -1.026429 2.26090e-12          0.286526
  1.12202e+16 7.66560e+04       6.83197e-12 3.33651e-06            1.287960        -1.013342 7.50357e-13          0.275833
  1.25893e+16 2.79706e+04       2.22178e-12 1.20370e-06            1.326267        -0.990661 2.29182e-13          0.265466
  1.41254e+16 9.26429e+03       6.55862e-13 3.92994e-07            1.365114        -0.961568 6.35310e-14          0.255351
  1.58489e+16 2.73780e+03       1.72744e-13 1.15554e-07            1.404323        -0.951268 1.58327e-14          0.245533
  1.77828e+16 7.27640e+02       4.09182e-14 3.02909e-08            1.443883        -0.922819 3.53331e-15          0.236009
  1.99526e+16 1.68651e+02       8.45256e-15 6.93484e-09            1.484033        -0.897085 6.91296e-16          0.226722
  2.23872e+16 3.38534e+01       1.51217e-15 1.38416e-09            1.524451        -0.885121 1.17679e-16          0.217741
  2.51189e+16 5.85142e+00       2.32949e-16 2.35499e-10            1.565339        -0.851468 1.72221e-17          0.209017
  2.81838e+16 8.36424e-01       2.96775e-17 3.33976e-11            1.606804        -0.834387 2.10409e-18          0.200528
  3.16228e+16 9.95894e-02       3.14929e-18 3.94015e-12            1.648497        -0.814401 2.14429e-19          0.192339
  3.54813e+16 9.54702e-03       2.69072e-19 3.71391e-13            1.690801        -0.777169 1.76517e-20          0.184372
  3.98107e+16 7.09438e-04       1.78203e-20 2.75289e-14            1.733556        -0.771584 1.13688e-21          0.176655
  4.46684e+16 4.14437e-05       9.27808e-22 1.59134e-15            1.776502        -0.748012 5.76502e-23          0.169229
  5.01187e+16 1.79438e-06       3.58026e-23 6.81853e-17            1.819984        -0.724412 2.18033e-24          0.162028
  5.62341e+16 5.70996e-08       1.01539e-24 2.18142e-18            1.863497        -0.736585 6.09200e-26          0.155129
  6.30957e+16 1.33436e-09       2.11482e-26 5.05563e-20            1.907077        -0.717722 1.25211e-27          0.148514
  7.07946e+16 2.11436e-11       2.98662e-28 7.99072e-22            1.951028        -0.711962 1.75303e-29          0.142128
  7.94328e+16 2.32146e-13       2.92255e-30 8.80371e-24            1.994760        -0.719835 1.69697e-31          0.136046
  8.91251e+16 1.65253e-15       1.85417e-32 6.18193e-26            2.038789        -0.688489 3.93775e-34          0.130186