#           M M*dndlog10m_ dndlog10m_3778      f(sig)_  lnsigma_3778  neff_3778        ngtm_  sigma_3778
  1.00000e+06  3.11309e+09    3.11309e+03  8.98513e-02     -3.355137  -1.915724  1.48351e+03   28.649528
  1.12202e+06  3.13949e+09    2.79807e+03  9.07579e-02     -3.334344  -1.917452  1.33573e+03   28.059967
  1.25893e+06  3.17126e+09    2.51902e+03  9.16738e-02     -3.313580  -1.917420  1.20281e+03   27.483345
  1.41254e+06  3.21003e+09    2.27253e+03  9.26022e-02     -3.292781  -1.915170  1.08302e+03   26.917608
  1.58489e+06  3.23395e+09    2.04048e+03  9.35412e-02     -3.271988  -1.918060  9.75193e+02   26.363693
  1.77828e+06  3.27061e+09    1.83920e+03  9.44899e-02     -3.251228  -1.916780  8.78201e+02   25.822039
  1.99526e+06  3.30931e+09    1.65858e+03  9.54524e-02     -3.230413  -1.915015  7.90756e+02   25.290091
  2.23872e+06  3.33079e+09    1.48781e+03  9.64245e-02     -3.209636  -1.918981  7.12096e+02   24.770074
  2.51189e+06  3.37684e+09    1.34434e+03  9.74079e-02     -3.188865  -1.915101  6.41292e+02   24.260879
  2.81838e+06  3.40744e+09    1.20900e+03  9.84056e-02     -3.168042  -1.916370  5.77459e+02   23.760922
  3.16228e+06  3.43572e+09    1.08647e+03  9.94121e-02     -3.147285  -1.918437  5.20072e+02   23.272797
  3.54813e+06  3.48427e+09    9.82001e+02  1.00433e-01     -3.126488  -1.914298  4.68360e+02   22.793781
  3.98107e+06  3.50897e+09    8.81414e+02  1.01466e-01     -3.105679  -1.917735  4.21775e+02   22.324362
  4.46684e+06  3.54701e+09    7.94077e+02  1.02509e-01     -3.084923  -1.917134  3.79887e+02   21.865784
  5.01187e+06  3.59246e+09    7.16790e+02  1.03567e-01     -3.064106  -1.914470  3.42116e+02   21.415309
  5.62341e+06  3.61608e+09    6.43039e+02  1.04638e-01     -3.043316  -1.918508  3.08120e+02   20.974676
  6.30957e+06  3.66302e+09    5.80549e+02  1.05719e-01     -3.022550  -1.915679  2.77530e+02   20.543613
  7.07946e+06  3.70201e+09    5.22923e+02  1.06817e-01     -3.001722  -1.915401  2.49943e+02   20.120158
  7.94328e+06  3.73001e+09    4.69581e+02  1.07926e-01     -2.980952  -1.918419  2.25131e+02   19.706562
  8.91251e+06  3.78238e+09    4.24390e+02  1.09048e-01     -2.960165  -1.914525  2.02782e+02   19.301159
  1.00000e+07  3.81369e+09    3.81369e+02  1.10186e-01     -2.939340  -1.916845  1.82638e+02   18.903374
  1.12202e+07  3.85130e+09    3.43247e+02  1.11335e-01     -2.918580  -1.917448  1.64522e+02   18.514972
  1.25893e+07  3.90469e+09    3.10161e+02  1.12500e-01     -2.897771  -1.913806  1.48187e+02   18.133680
  1.41254e+07  3.92952e+09    2.78189e+02  1.13679e-01     -2.876962  -1.918240  1.33478e+02   17.760240
  1.58489e+07  3.97743e+09    2.50959e+02  1.14871e-01     -2.856196  -1.916406  1.20250e+02   17.395229
  1.77828e+07  4.02840e+09    2.26534e+02  1.16080e-01     -2.835369  -1.913954  1.08312e+02   17.036686
  1.99526e+07  4.05447e+09    2.03205e+02  1.17302e-01     -2.814583  -1.918309  9.75688e+01   16.686218
  2.23872e+07  4.10888e+09    1.83537e+02  1.18538e-01     -2.793801  -1.915229  8.79002e+01   16.343028
  2.51189e+07  4.15129e+09    1.65266e+02  1.19793e-01     -2.772966  -1.915509  7.91802e+01   16.006036
  2.81838e+07  4.18699e+09    1.48560e+02  1.21059e-01     -2.752195  -1.917622  7.13345e+01   15.677013
  3.16228e+07  4.24574e+09    1.34262e+02  1.22342e-01     -2.731393  -1.913949  6.42640e+01   15.354265
  3.54813e+07  4.27769e+09    1.20562e+02  1.23643e-01     -2.710566  -1.917290  5.78934e+01   15.037778
  3.98107e+07  4.32550e+09    1.08652e+02  1.24956e-01     -2.689797  -1.916692  5.21631e+01   14.728683
  4.46684e+07  4.38571e+09    9.81839e+01  1.26289e-01     -2.668973  -1.913201  4.69922e+01   14.425144
  5.01187e+07  4.41361e+09    8.80630e+01  1.27636e-01     -2.648165  -1.917838  4.23360e+01   14.128085
  5.62341e+07  4.47085e+09    7.95042e+01  1.28999e-01     -2.627384  -1.915381  3.81468e+01   13.837530
  6.30957e+07  4.52535e+09    7.17219e+01  1.30382e-01     -2.606543  -1.913807  3.43662e+01   13.552124
  7.07946e+07  4.55810e+09    6.43849e+01  1.31779e-01     -2.585755  -1.917540  3.09635e+01   13.273312
  7.94328e+07  4.62125e+09    5.81781e+01  1.33193e-01     -2.564957  -1.914196  2.78994e+01   13.000095
  8.91251e+07  4.66428e+09    5.23340e+01  1.34628e-01     -2.544112  -1.915766  2.51366e+01   12.731918
  1.00000e+08  4.70974e+09    4.70974e+01  1.36075e-01     -2.523334  -1.916845  2.26508e+01   12.470105
  1.12202e+08  4.77751e+09    4.25796e+01  1.37544e-01     -2.502512  -1.912989  2.04089e+01   12.213140
  1.25893e+08  4.81071e+09    3.82128e+01  1.39031e-01     -2.481680  -1.917143  1.83891e+01   11.961348
  1.41254e+08  4.87020e+09    3.44784e+01  1.40532e-01     -2.460896  -1.915463  1.65718e+01   11.715309
  1.58489e+08  4.93595e+09    3.11438e+01  1.42056e-01     -2.440053  -1.912616  1.49313e+01   11.473644
  1.77828e+08  4.96921e+09    2.79439e+01  1.43597e-01     -2.419240  -1.917032  1.34541e+01   11.237315
  1.99526e+08  5.03571e+09    2.52383e+01  1.45155e-01     -2.398440  -1.914320  1.21245e+01   11.005991
  2.23872e+08  5.09336e+09    2.27512e+01  1.46736e-01     -2.377581  -1.913725  1.09248e+01   10.778803
  2.51189e+08  5.13524e+09    2.04438e+01  1.48332e-01     -2.356785  -1.916573  9.84490e+00   10.556951
  2.81838e+08  5.20928e+09    1.84832e+01  1.49949e-01     -2.335962  -1.912804  8.87172e+00   10.339405
  3.16228e+08  5.25230e+09    1.66092e+01  1.51588e-01     -2.315105  -1.915676  7.99441e+00   10.125989
  3.54813e+08  5.31043e+09    1.49668e+01  1.53241e-01     -2.294311  -1.915505  7.20501e+00    9.917596
  3.98107e+08  5.38662e+09    1.35306e+01  1.54919e-01     -2.273462  -1.911859  6.49257e+00    9.712973
  4.46684e+08  5.42384e+09    1.21425e+01  1.56616e-01     -2.252620  -1.916212  5.85075e+00    9.512626
  5.01187e+08  5.49440e+09    1.09628e+01  1.58330e-01     -2.231812  -1.913999  5.27312e+00    9.316731
  5.62341e+08  5.56615e+09    9.89817e+00  1.60070e-01     -2.210942  -1.911774  4.75160e+00    9.124304
  6.30957e+08  5.60626e+09    8.88533e+00  1.61826e-01     -2.190116  -1.915827  4.28201e+00    8.936250
  7.07946e+08  5.68439e+09    8.02942e+00  1.63603e-01     -2.169287  -1.912657  3.85914e+00    8.752041
  7.94328e+08  5.74336e+09    7.23047e+00  1.65405e-01     -2.148405  -1.913348  3.47764e+00    8.571176
  8.91251e+08  5.79717e+09    6.50453e+00  1.67222e-01     -2.127588  -1.915088  3.13427e+00    8.394594
  1.00000e+09  5.88274e+09    5.88274e+00  1.69064e-01     -2.106732  -1.911065  2.82459e+00    8.221329
  1.12202e+09  5.92722e+09    5.28264e+00  1.70929e-01     -2.085855  -1.914801  2.54545e+00    8.051470
  1.25893e+09  6.00005e+09    4.76601e+00  1.72809e-01     -2.065030  -1.913422  2.29423e+00    7.885537
  1.41254e+09  6.08443e+09    4.30744e+00  1.74717e-01     -2.044146  -1.910172  2.06740e+00    7.722559
  1.58489e+09  6.12644e+09    3.86553e+00  1.76644e-01     -2.023282  -1.914615  1.86307e+00    7.563105
  1.77828e+09  6.20890e+09    3.49152e+00  1.78590e-01     -2.002437  -1.911995  1.67915e+00    7.407085
  1.99526e+09  6.28545e+09    3.15019e+00  1.80563e-01     -1.981530  -1.910618  1.51310e+00    7.253831
  2.23872e+09  6.33592e+09    2.83015e+00  1.82553e-01     -1.960677  -1.913840  1.36360e+00    7.104135
  2.51189e+09  6.42712e+09    2.55868e+00  1.84566e-01     -1.939805  -1.910221  1.22888e+00    6.957394
  2.81838e+09  6.48624e+09    2.30140e+00  1.86604e-01     -1.918888  -1.912212  1.10737e+00    6.813378
  3.16228e+09  6.55478e+09    2.07280e+00  1.88658e-01     -1.898034  -1.912684  9.98018e-01    6.672764
  3.54813e+09  6.65128e+09    1.87458e+00  1.90738e-01     -1.877129  -1.908708  8.99333e-01    6.534716
  3.98107e+09  6.69966e+09    1.68288e+00  1.92840e-01     -1.856217  -1.912750  8.10397e-01    6.399482
  4.46684e+09  6.78652e+09    1.51931e+00  1.94959e-01     -1.835344  -1.910625  7.30342e-01    6.267293
  5.01187e+09  6.87874e+09    1.37249e+00  1.97105e-01     -1.814407  -1.907846  6.58047e-01    6.137437
  5.62341e+09  6.92767e+09    1.23193e+00  1.99269e-01     -1.793504  -1.912020  5.92937e-01    6.010475
  6.30957e+09  7.02394e+09    1.11322e+00  2.01453e-01     -1.772603  -1.908861  5.34308e-01    5.886152
  7.07946e+09  7.10254e+09    1.00326e+00  2.03664e-01     -1.751641  -1.908627  4.81396e-01    5.764053
  7.94328e+09  7.16588e+09    9.02131e-01  2.05888e-01     -1.730739  -1.910791  4.33761e-01    5.644823
  8.91251e+09  7.27189e+09    8.15919e-01  2.08137e-01     -1.709801  -1.906618  3.90810e-01    5.527864
  1.00000e+10  7.33026e+09    7.33026e-01  2.10408e-01     -1.688830  -1.909739  3.52086e-01    5.413144
  1.12202e+10  7.41653e+09    6.60998e-01  2.12692e-01     -1.667913  -1.908756  3.17235e-01    5.301095
  1.25893e+10  7.52278e+09    5.97555e-01  2.15002e-01     -1.646935  -1.905015  2.85772e-01    5.191046
  1.41254e+10  7.57511e+09    5.36276e-01  2.17330e-01     -1.625964  -1.909206  2.57426e-01    5.083317
  1.58489e+10  7.67551e+09    4.84292e-01  2.19672e-01     -1.605016  -1.906533  2.31912e-01    4.977939
  1.77828e+10  7.77392e+09    4.37160e-01  2.22039e-01     -1.584000  -1.904320  2.08875e-01    4.874413
  1.99526e+10  7.83241e+09    3.92551e-01  2.24418e-01     -1.563027  -1.907778  1.88132e-01    4.773250
  2.23872e+10  7.94267e+09    3.54786e-01  2.26814e-01     -1.542039  -1.904105  1.69449e-01    4.674111
  2.51189e+10  8.02059e+09    3.19306e-01  2.29232e-01     -1.520994  -1.905026  1.52597e-01    4.576773
  2.81838e+10  8.09889e+09    2.87359e-01  2.31658e-01     -1.500008  -1.905913  1.37430e-01    4.481726
  3.16228e+10  8.21719e+09    2.59850e-01  2.34102e-01     -1.478971  -1.901524  1.23750e-01    4.388427
  3.54813e+10  8.27663e+09    2.33267e-01  2.36562e-01     -1.457911  -1.905081  1.11422e-01    4.296975
  3.98107e+10  8.37929e+09    2.10478e-01  2.39028e-01     -1.436892  -1.902937  1.00328e-01    4.207600
  4.46684e+10  8.49345e+09    1.90145e-01  2.41513e-01     -1.415803  -1.899430  9.03128e-02    4.119794
  5.01187e+10  8.54991e+09    1.70593e-01  2.44004e-01     -1.394733  -1.903426  8.12943e-02    4.033896
  5.62341e+10  8.66345e+09    1.54060e-01  2.46502e-01     -1.373666  -1.900126  7.31780e-02    3.949805
  6.30957e+10  8.76279e+09    1.38881e-01  2.49015e-01     -1.352528  -1.898741  6.58544e-02    3.867191
  7.07946e+10  8.83232e+09    1.24760e-01  2.51527e-01     -1.331440  -1.901088  5.92634e-02    3.786491
  7.94328e+10  8.95651e+09    1.12756e-01  2.54046e-01     -1.310315  -1.896687  5.33255e-02    3.707342
  8.91251e+10  9.02896e+09    1.01307e-01  2.56573e-01     -1.289140  -1.898713  4.79740e-02    3.629663
  1.00000e+11  9.12328e+09    9.12328e-02  2.59093e-01     -1.268015  -1.898032  4.31605e-02    3.553792
  1.12202e+11  9.25011e+09    8.24417e-02  2.61618e-01     -1.246823  -1.893496  3.88186e-02    3.479273
  1.25893e+11  9.30895e+09    7.39436e-02  2.64139e-01     -1.225619  -1.897089  3.49090e-02    3.406276
  1.41254e+11  9.42320e+09    6.67111e-02  2.66651e-01     -1.204437  -1.894069  3.13926e-02    3.334882
  1.58489e+11  9.53985e+09    6.01924e-02  2.69163e-01     -1.183176  -1.890827  2.82200e-02    3.264725
  1.77828e+11  9.59949e+09    5.39819e-02  2.71659e-01     -1.161940  -1.894148  2.53657e-02    3.196129
  1.99526e+11  9.72357e+09    4.87333e-02  2.74143e-01     -1.140686  -1.890003  2.27978e-02    3.128915
  2.23872e+11  9.81559e+09    4.38446e-02  2.76617e-01     -1.119359  -1.889519  2.04833e-02    3.062889
  2.51189e+11  9.89411e+09    3.93891e-02  2.79064e-01     -1.098078  -1.890454  1.84025e-02    2.998396
  2.81838e+11  1.00271e+10    3.55773e-02  2.81494e-01     -1.076738  -1.885250  1.65283e-02    2.935091
  3.16228e+11  1.00890e+10    3.19041e-02  2.83900e-01     -1.055354  -1.887874  1.48413e-02    2.872992
  3.54813e+11  1.01955e+10    2.87349e-02  2.86271e-01     -1.034003  -1.885435  1.33253e-02    2.812302
  3.98107e+11  1.03217e+10    2.59270e-02  2.88616e-01     -1.012569  -1.880807  1.19588e-02    2.752663
  4.46684e+11  1.03737e+10    2.32239e-02  2.90920e-01     -0.991129  -1.884080  1.07300e-02    2.694274
  5.01187e+11  1.04914e+10    2.09330e-02  2.93181e-01     -0.969686  -1.880127  9.62608e-03    2.637116
  5.62341e+11  1.05991e+10    1.88482e-02  2.95402e-01     -0.948152  -1.877131  8.63155e-03    2.580936
  6.30957e+11  1.06577e+10    1.68912e-02  2.97565e-01     -0.926646  -1.879137  7.73807e-03    2.526022
  7.07946e+11  1.07829e+10    1.52312e-02  2.99674e-01     -0.905093  -1.873944  6.93501e-03    2.472162
  7.94328e+11  1.08542e+10    1.36647e-02  3.01725e-01     -0.883462  -1.874198  6.21261e-03    2.419261
  8.91251e+11  1.09348e+10    1.22690e-02  3.03701e-01     -0.861866  -1.873228  5.56427e-03    2.367575
  1.00000e+12  1.10610e+10    1.10610e-02  3.05608e-01     -0.840186  -1.867334  4.98102e-03    2.316797
  1.12202e+12  1.11042e+10    9.89664e-03  3.07435e-01     -0.818462  -1.869665  4.45708e-03    2.267010
  1.25893e+12  1.12067e+10    8.90177e-03  3.09172e-01     -0.796745  -1.865642  3.98712e-03    2.218309
  1.41254e+12  1.13158e+10    8.01096e-03  3.10819e-01     -0.774924  -1.860667  3.56430e-03    2.170427
  1.58489e+12  1.13487e+10    7.16052e-03  3.12361e-01     -0.753097  -1.862997  3.18501e-03    2.123567
  1.77828e+12  1.14548e+10    6.44151e-03  3.13793e-01     -0.731235  -1.857602  2.84496e-03    2.077644
  1.99526e+12  1.15303e+10    5.77885e-03  3.15111e-01     -0.709265  -1.854880  2.53945e-03    2.032497
  2.23872e+12  1.15731e+10    5.16954e-03  3.16298e-01     -0.687313  -1.854941  2.26574e-03    1.988366
  2.51189e+12  1.16808e+10    4.65020e-03  3.17352e-01     -0.665280  -1.848130  2.02025e-03    1.945034
  2.81838e+12  1.17089e+10    4.15446e-03  3.18262e-01     -0.643159  -1.848661  1.80013e-03    1.902482
  3.16228e+12  1.17726e+10    3.72281e-03  3.19015e-01     -0.621047  -1.845130  1.60320e-03    1.860876
  3.54813e+12  1.18646e+10    3.34390e-03  3.19605e-01     -0.598818  -1.838248  1.42653e-03    1.819966
  3.98107e+12  1.18649e+10    2.98034e-03  3.20019e-01     -0.576538  -1.839720  1.26843e-03    1.779866
  4.46684e+12  1.19335e+10    2.67158e-03  3.20246e-01     -0.554227  -1.833840  1.12713e-03    1.740595
  5.01187e+12  1.19934e+10    2.39301e-03  3.20275e-01     -0.531783  -1.828092  1.00051e-03    1.701963
  5.62341e+12  1.19821e+10    2.13076e-03  3.20095e-01     -0.509320  -1.828537  8.87419e-04    1.664158
  6.30957e+12  1.20430e+10    1.90868e-03  3.19694e-01     -0.486775  -1.821113  7.86433e-04    1.627061
  7.07946e+12  1.20490e+10    1.70197e-03  3.19056e-01     -0.464099  -1.818164  6.96166e-04    1.590581
  7.94328e+12  1.20431e+10    1.51614e-03  3.18174e-01     -0.441415  -1.815468  6.15714e-04    1.554905
  8.91251e+12  1.20894e+10    1.35646e-03  3.17031e-01     -0.418600  -1.806624  5.43899e-04    1.519832
  1.00000e+13  1.20396e+10    1.20396e-03  3.15613e-01     -0.395679  -1.806206  4.79888e-04    1.485392
  1.12202e+13  1.20414e+10    1.07319e-03  3.13913e-01     -0.372721  -1.799563  4.22960e-04    1.451680
  1.25893e+13  1.20500e+10    9.57164e-04  3.11908e-01     -0.349600  -1.790982  3.72201e-04    1.418500
  1.41254e+13  1.19646e+10    8.47028e-04  3.09592e-01     -0.326406  -1.790569  3.27096e-04    1.385979
  1.58489e+13  1.19470e+10    7.53808e-04  3.06952e-01     -0.303125  -1.781956  2.87075e-04    1.354083
  1.77828e+13  1.18993e+10    6.69145e-04  3.03964e-01     -0.279664  -1.774899  2.51501e-04    1.322686
  1.99526e+13  1.17950e+10    5.91149e-04  3.00631e-01     -0.256153  -1.772176  2.19994e-04    1.291951
  2.23872e+13  1.17507e+10    5.24883e-04  2.96930e-01     -0.232496  -1.761542  1.92093e-04    1.261746
  2.51189e+13  1.16262e+10    4.62847e-04  2.92845e-01     -0.208667  -1.757567  1.67400e-04    1.232035
  2.81838e+13  1.15118e+10    4.08455e-04  2.88385e-01     -0.184778  -1.750763  1.45617e-04    1.202951
  3.16228e+13  1.14245e+10    3.61273e-04  2.83516e-01     -0.160690  -1.738952  1.26374e-04    1.174321
  3.54813e+13  1.12366e+10    3.16691e-04  2.78239e-01     -0.136457  -1.736165  1.09425e-04    1.146206
  3.98107e+13  1.10990e+10    2.78794e-04  2.72560e-01     -0.112117  -1.725632  9.45379e-05    1.118644
  4.46684e+13  1.09466e+10    2.45064e-04  2.66443e-01     -0.087546  -1.714275  8.14414e-05    1.091492
  5.01187e+13  1.07098e+10    2.13688e-04  2.59915e-01     -0.062857  -1.710500  6.99726e-05    1.064874
  5.62341e+13  1.05274e+10    1.87207e-04  2.52965e-01     -0.037997  -1.697629  5.99503e-05    1.038728
  6.30957e+13  1.02922e+10    1.63121e-04  2.45573e-01     -0.012890  -1.688398  5.11921e-05    1.012974
  7.07946e+13  1.00221e+10    1.41565e-04  2.37788e-01      0.012325  -1.681016  4.35749e-05    0.987751
  7.94328e+13  9.78859e+09    1.23231e-04  2.29583e-01      0.037778  -1.665700  3.69550e-05    0.962927
  8.91251e+13  9.46618e+09    1.06212e-04  2.20971e-01      0.063466  -1.659362  3.12189e-05    0.938506
  1.00000e+14  9.16662e+09    9.16662e-05  2.12006e-01      0.089294  -1.646888  2.62720e-05    0.914577
  1.12202e+14  8.86541e+09    7.90130e-05  2.02660e-01      0.115414  -1.630998  2.20050e-05    0.890997
  1.25893e+14  8.48129e+09    6.73693e-05  1.92992e-01      0.141740  -1.624708  1.83454e-05    0.867847
  1.41254e+14  8.13527e+09    5.75933e-05  1.83042e-01      0.168268  -1.609104  1.52214e-05    0.845127
  1.58489e+14  7.76351e+09    4.89844e-05  1.72804e-01      0.195121  -1.594029  1.25569e-05    0.822735
  1.77828e+14  7.33948e+09    4.12729e-05  1.62382e-01      0.222155  -1.585511  1.03005e-05    0.800791
  1.99526e+14  6.94946e+09    3.48298e-05  1.51794e-01      0.249465  -1.567253  8.39791e-06    0.779218
  2.23872e+14  6.51221e+09    2.90890e-05  1.41079e-01      0.277104  -1.555425  6.79994e-06    0.757975
  2.51189e+14  6.07181e+09    2.41723e-05  1.30359e-01      0.304927  -1.542362  5.46841e-06    0.737177
  2.81838e+14  5.65036e+09    2.00482e-05  1.19644e-01      0.333094  -1.522058  4.36289e-06    0.716703
  3.16228e+14  5.18152e+09    1.63854e-05  1.09027e-01      0.361562  -1.512708  3.45205e-06    0.696587
  3.54813e+14  4.74336e+09    1.33686e-05  9.86128e-02      0.390258  -1.494690  2.70820e-06    0.676882
  3.98107e+14  4.30957e+09    1.08252e-05  8.84240e-02      0.419341  -1.474765  2.10336e-06    0.657480
  4.46684e+14  3.85369e+09    8.62733e-06  7.85885e-02      0.448681  -1.465417  1.61705e-06    0.638470
  5.01187e+14  3.43722e+09    6.85816e-06  6.91711e-02      0.478314  -1.444909  1.22991e-06    0.619827
  5.62341e+14  3.02518e+09    5.37962e-06  6.02136e-02      0.508351  -1.427720  9.23963e-07    0.601487
  6.30957e+14  2.62487e+09    4.16014e-06  5.18386e-02      0.538608  -1.415369  6.85469e-07    0.583560
  7.07946e+14  2.26353e+09    3.19733e-06  4.40640e-02      0.569229  -1.392407  5.01533e-07    0.565962
  7.94328e+14  1.91169e+09    2.40668e-06  3.69374e-02      0.600229  -1.380334  3.61432e-07    0.548686
  8.91251e+14  1.59710e+09    1.79197e-06  3.05276e-02      0.631453  -1.362764  2.56466e-07    0.531818
  1.00000e+15  1.31684e+09    1.31684e-06  2.48138e-02      0.663100  -1.339220  1.78746e-07    0.515252
  1.12202e+15  1.05805e+09    9.42992e-07  1.98211e-02      0.695068  -1.329471  1.22250e-07    0.499041
  1.25893e+15  8.40325e+08    6.67494e-07  1.55414e-02      0.727313  -1.307883  8.19879e-08    0.483206
  1.41254e+15  6.53129e+08    4.62380e-07  1.19251e-02      0.760012  -1.286003  5.37411e-08    0.467661
  1.58489e+15  4.93298e+08    3.11250e-07  8.95203e-03      0.792969  -1.275508  3.44003e-08    0.452499
  1.77828e+15  3.66391e+08    2.06037e-07  6.55625e-03      0.826283  -1.251109  2.14681e-08    0.437673
  1.99526e+15  2.63466e+08    1.32046e-07  4.66931e-03      0.860052  -1.234186  1.30160e-08    0.423140
  2.23872e+15  1.84026e+08    8.22016e-08  3.23346e-03      0.894047  -1.218908  7.65986e-09    0.408997
  2.51189e+15  1.25188e+08    4.98384e-08  2.16640e-03      0.928485  -1.191581  4.35886e-09    0.395152
  2.81838e+15  8.14240e+07    2.88903e-08  1.40053e-03      0.963329  -1.180574  2.39064e-09    0.381620
  3.16228e+15  5.13506e+07    1.62385e-08  8.72520e-04      0.998429  -1.158196  1.26242e-09    0.368458
  3.54813e+15  3.10591e+07    8.75363e-09  5.20164e-04      1.034036  -1.131379  6.37620e-10    0.355569
  3.98107e+15  1.77795e+07    4.46602e-09  2.96314e-04      1.069965  -1.122236  3.07129e-10    0.343020
  4.46684e+15  9.76834e+06    2.18686e-09  1.60590e-04      1.106227  -1.096398  1.40807e-10    0.330805
  5.01187e+15  5.05483e+06    1.00857e-09  8.21075e-05      1.143019  -1.073376  6.09209e-11    0.318855
  5.62341e+15  2.45275e+06    4.36167e-10  3.96025e-05      1.180049  -1.061778  2.48024e-11    0.307264
  6.30957e+15  1.12226e+06    1.77867e-10  1.78481e-05      1.217511  -1.032219  9.45157e-12    0.295966
  7.07946e+15  4.72002e+05    6.66721e-11  7.45279e-06      1.255475  -1.018025  3.33810e-12    0.284940
  7.94328e+15  1.84282e+05    2.31997e-11  2.88239e-06      1.293647  -0.999200  1.09130e-12    0.274269
  8.91251e+15  6.59933e+04    7.40458e-12  1.01599e-06      1.332354  -0.967251  3.26194e-13    0.263855
  1.00000e+16  2.11568e+04    2.11568e-12  3.24447e-07      1.371466  -0.959302  8.81879e-14    0.253735
  1.12202e+16  6.16732e+03    5.49663e-13  9.33377e-08      1.410850  -0.932180  2.15543e-14    0.243936
  1.25893e+16  1.58630e+03    1.26004e-13  2.36643e-08      1.450840  -0.902200  4.66262e-15    0.234373
  1.41254e+16  3.55021e+02    2.51336e-14  5.27891e-09      1.491115  -0.895336  8.84177e-16    0.225122
  1.58489e+16  6.95282e+01    4.38693e-15  1.01816e-09      1.531789  -0.862930  1.46165e-16    0.216149
  1.77828e+16  1.14178e+01    6.42071e-16  1.65488e-10      1.573093  -0.840815  2.04401e-17    0.207403
  1.99526e+16  1.57749e+00    7.90615e-17  2.27238e-11      1.614581  -0.827513  2.41180e-18    0.198974
  2.23872e+16  1.79613e-01    8.02300e-18  2.54220e-12      1.656625  -0.788945  2.34682e-19    0.190782
  2.51189e+16  1.60591e-02    6.39323e-19  2.26425e-13      1.699222  -0.780425  1.81239e-20    0.182826
  2.81838e+16  1.14950e-03    4.07858e-20  1.60173e-14      1.742008  -0.754094  1.12113e-21    0.175168
  3.16228e+16  6.19623e-05    1.95942e-21  8.48540e-16      1.785493  -0.714776  5.25052e-23    0.167714
  3.54813e+16  2.43410e-06    6.86024e-23  3.33134e-17      1.829359  -0.713381  1.80460e-24    0.160516
  3.98107e+16  7.00707e-08    1.76010e-24  9.45351e-19      1.873513  -0.680382  4.55340e-26    0.153583
  4.46684e+16  1.35251e-09    3.02790e-26  1.80225e-20      1.918378  -0.651443  7.74645e-28    0.146845
  5.01187e+16  1.75783e-11    3.50733e-28  2.34774e-22      1.963296  -0.656850  8.90093e-30    0.140395
  5.62341e+16  1.48469e-13    2.64020e-30  1.95709e-24      2.008529  -0.625897  6.65919e-32    0.134186
  6.30957e+16  7.38732e-16    1.17081e-32  9.73462e-27      2.054252  -0.625125  2.94314e-34    0.128189
  7.07946e+16  2.27831e-18    3.21820e-35  3.00234e-29      2.099722  -0.625200  8.06969e-37    0.122490
  7.94328e+16  3.83847e-21    4.83235e-38  4.98263e-32      2.145641  -0.589133  1.20991e-39    0.116993
  8.91251e+16  3.24941e-24    3.64590e-41  4.24657e-35      2.191854  -0.605362  9.12190e-43    0.111709
  1.00000e+17  1.43095e-27    1.43095e-44  1.84941e-38      2.237970  -0.578616  3.57852e-46    0.106675
  1.12202e+17  2.57328e-31    2.29344e-48  3.26966e-42      2.284863  -0.537035  5.73435e-50    0.101788
  1.25893e+17  1.87153e-35    1.48661e-52  2.39392e-46      2.331889  -0.553412  3.71671e-54    0.097112
  1.41254e+17  5.05781e-40    3.58066e-57  6.34643e-51      2.379226  -0.505944  8.95176e-59    0.092622
  1.58489e+17  3.65211e-45    2.30433e-62  4.52132e-56      2.427589  -0.472145  5.76084e-64    0.088249
  1.77828e+17  7.88339e-51    4.43316e-68  9.76245e-62      2.475902  -0.472872  1.10829e-69    0.084087
  1.99526e+17  3.63748e-57    1.82306e-74  4.38812e-68      2.524988  -0.405851  4.55764e-76    0.080059
  2.23872e+17  2.59691e-64    1.16000e-81  3.13346e-75      2.575023  -0.406376  2.90000e-83    0.076152
  2.51189e+17  3.48024e-72    1.38551e-89  4.15112e-83      2.624922  -0.376284  3.46377e-91    0.072445
  2.81838e+17  4.20271e-81    1.49118e-98  4.86941e-92      2.676041  -0.298985 3.72795e-100    0.068835
  3.16228e+17  4.13735e-91   1.30835e-108 4.84320e-102      2.727691  -0.326605 3.27086e-110    0.065370
  3.54813e+17 3.30217e-102   9.30678e-120 3.78389e-113      2.779404  -0.268925 2.32670e-121    0.062076
  3.98107e+17 6.91779e-115   1.73767e-132 7.73876e-126      2.832588  -0.202506 4.34417e-134    0.058860
  4.46684e+17 5.55816e-129   1.24432e-146 6.30138e-140      2.885678  -0.239622 3.11079e-148    0.055817
  5.01187e+17 8.32146e-145   1.66035e-162 9.17272e-156      2.939304  -0.160939 4.15087e-164    0.052903
  5.62341e+17 6.08683e-163   1.08241e-180 6.66853e-174      2.994388  -0.143501 2.70602e-182    0.050067
  6.30957e+17 6.35862e-183   1.00777e-200 6.99469e-194      3.048765  -0.155099 2.51943e-202    0.047417
  7.07946e+17 1.02625e-205   1.44962e-223 1.08729e-216      3.104369  -0.046203 3.62405e-225    0.044853
  7.94328e+17 1.10448e-231   1.39046e-249 1.19370e-242      3.160933  -0.104407 3.47615e-251    0.042386
  8.91251e+17 2.69980e-260   3.02923e-278 2.87020e-271      3.216665  -0.056304 2.13898e-281    0.040089