#           M M*dndlog10m_ dndlog10m_WMAP7      f(sig)_  lnsigma_WMAP7  neff_WMAP7        ngtm_  sigma_WMAP7
  1.00000e+07  2.34169e+09     2.34169e+02  1.93075e-01      -1.853895   -2.580600  1.12184e+02     6.384636
  1.12202e+07  2.36665e+09     2.10927e+02  1.93893e-01      -1.845821   -2.577918  1.01057e+02     6.333299
  1.25893e+07  2.39100e+09     1.89924e+02  1.94719e-01      -1.837698   -2.575385  9.10355e+01     6.282058
  1.41254e+07  2.41617e+09     1.71052e+02  1.95553e-01      -1.829525   -2.572744  8.20112e+01     6.230927
  1.58489e+07  2.44191e+09     1.54074e+02  1.96396e-01      -1.821301   -2.570046  7.38830e+01     6.179892
  1.77828e+07  2.46703e+09     1.38731e+02  1.97247e-01      -1.813026   -2.567498  6.65629e+01     6.128968
  1.99526e+07  2.49344e+09     1.24968e+02  1.98107e-01      -1.804701   -2.564766  5.99704e+01     6.078156
  2.23872e+07  2.51986e+09     1.12558e+02  1.98976e-01      -1.796324   -2.562074  5.40322e+01     6.027449
  2.51189e+07  2.54610e+09     1.01362e+02  1.99853e-01      -1.787896   -2.559456  4.86842e+01     5.976864
  2.81838e+07  2.57373e+09     9.13194e+01  2.00739e-01      -1.779416   -2.556640  4.38672e+01     5.926393
  3.16228e+07  2.60079e+09     8.22443e+01  2.01634e-01      -1.770882   -2.553967  3.95281e+01     5.876037
  3.54813e+07  2.62846e+09     7.40799e+01  2.02537e-01      -1.762298   -2.551234  3.56200e+01     5.825811
  3.98107e+07  2.65723e+09     6.67466e+01  2.03450e-01      -1.753659   -2.548357  3.20993e+01     5.775700
  4.46684e+07  2.68509e+09     6.01117e+01  2.04372e-01      -1.744967   -2.545679  2.89279e+01     5.725714
  5.01187e+07  2.71436e+09     5.41586e+01  2.05303e-01      -1.736223   -2.542810  2.60711e+01     5.675863
  5.62341e+07  2.74411e+09     4.87980e+01  2.06243e-01      -1.727422   -2.539906  2.34972e+01     5.626129
  6.30957e+07  2.77314e+09     4.39513e+01  2.07193e-01      -1.718567   -2.537170  2.11785e+01     5.576534
  7.07946e+07  2.80403e+09     3.96079e+01  2.08152e-01      -1.709658   -2.534172  1.90895e+01     5.527071
  7.94328e+07  2.83459e+09     3.56854e+01  2.09121e-01      -1.700691   -2.531276  1.72071e+01     5.477732
  8.91251e+07  2.86523e+09     3.21484e+01  2.10099e-01      -1.691670   -2.528416  1.55113e+01     5.428541
  1.00000e+08  2.89766e+09     2.89766e+01  2.11087e-01      -1.682592   -2.525310  1.39832e+01     5.379480
  1.12202e+08  2.92904e+09     2.61051e+01  2.12085e-01      -1.673455   -2.522428  1.26061e+01     5.330554
  1.25893e+08  2.96164e+09     2.35251e+01  2.13093e-01      -1.664263   -2.519396  1.13654e+01     5.281779
  1.41254e+08  2.99543e+09     2.12060e+01  2.14111e-01      -1.655010   -2.516223  1.02471e+01     5.233134
  1.58489e+08  3.02795e+09     1.91050e+01  2.15139e-01      -1.645700   -2.513309  9.23933e+00     5.184635
  1.77828e+08  3.06261e+09     1.72223e+01  2.16177e-01      -1.636330   -2.510100  8.33114e+00     5.136287
  1.99526e+08  3.09750e+09     1.55243e+01  2.17225e-01      -1.626899   -2.506911  7.51248e+00     5.088072
  2.23872e+08  3.13169e+09     1.39887e+01  2.18284e-01      -1.617409   -2.503887  6.77465e+00     5.040015
  2.51189e+08  3.16835e+09     1.26134e+01  2.19353e-01      -1.607858   -2.500525  6.10960e+00     4.992104
  2.81838e+08  3.20415e+09     1.13688e+01  2.20433e-01      -1.598242   -2.497356  5.51004e+00     4.944334
  3.16228e+08  3.24056e+09     1.02475e+01  2.21523e-01      -1.588567   -2.494146  4.96964e+00     4.896729
  3.54813e+08  3.27907e+09     9.24167e+00  2.22624e-01      -1.578828   -2.490667  4.48241e+00     4.849267
  3.98107e+08  3.31593e+09     8.32923e+00  2.23736e-01      -1.569024   -2.487501  4.04313e+00     4.801957
  4.46684e+08  3.35488e+09     7.51065e+00  2.24859e-01      -1.559157   -2.484068  3.64714e+00     4.754813
  5.01187e+08  3.39491e+09     6.77373e+00  2.25992e-01      -1.549223   -2.480533  3.29003e+00     4.707812
  5.62341e+08  3.43338e+09     6.10551e+00  2.27137e-01      -1.539225   -2.477292  2.96805e+00     4.660976
  6.30957e+08  3.47485e+09     5.50727e+00  2.28292e-01      -1.529161   -2.473656  2.67773e+00     4.614302
  7.07946e+08  3.51606e+09     4.96657e+00  2.29459e-01      -1.519026   -2.470123  2.41588e+00     4.567775
  7.94328e+08  3.55687e+09     4.47784e+00  2.30637e-01      -1.508827   -2.466709  2.17977e+00     4.521424
  8.91251e+08  3.60073e+09     4.04009e+00  2.31826e-01      -1.498558   -2.462902  1.96682e+00     4.475229
  1.00000e+09  3.64298e+09     3.64298e+00  2.33026e-01      -1.488217   -2.459399  1.77474e+00     4.429192
  1.12202e+09  3.68674e+09     3.28581e+00  2.34238e-01      -1.477810   -2.455735  1.60152e+00     4.383335
  1.25893e+09  3.73268e+09     2.96497e+00  2.35461e-01      -1.467328   -2.451815  1.44526e+00     4.337631
  1.41254e+09  3.77641e+09     2.67349e+00  2.36695e-01      -1.456776   -2.448285  1.30429e+00     4.292098
  1.58489e+09  3.82329e+09     2.41233e+00  2.37940e-01      -1.446152   -2.444360  1.17715e+00     4.246743
  1.77828e+09  3.87087e+09     2.17675e+00  2.39197e-01      -1.435452   -2.440402  1.06242e+00     4.201543
  1.99526e+09  3.91687e+09     1.96309e+00  2.40466e-01      -1.424680   -2.436738  9.58925e-01     4.156527
  2.23872e+09  3.96672e+09     1.77187e+00  2.41745e-01      -1.413832   -2.432588  8.65551e-01     4.111683
  2.51189e+09  4.01555e+09     1.59862e+00  2.43037e-01      -1.402906   -2.428655  7.81289e-01     4.067001
  2.81838e+09  4.06471e+09     1.44221e+00  2.44339e-01      -1.391906   -2.424743  7.05268e-01     4.022511
  3.16228e+09  4.11732e+09     1.30201e+00  2.45652e-01      -1.380827   -2.420414  6.36662e-01     3.978189
  3.54813e+09  4.16745e+09     1.17455e+00  2.46977e-01      -1.369667   -2.416504  5.74748e-01     3.934041
  3.98107e+09  4.22032e+09     1.06010e+00  2.48313e-01      -1.358431   -2.412279  5.18882e-01     3.890086
  4.46684e+09  4.27520e+09     9.57097e-01  2.49660e-01      -1.347111   -2.407851  4.68452e-01     3.846298
  5.01187e+09  4.32739e+09     8.63428e-01  2.51018e-01      -1.335711   -2.403864  4.22939e-01     3.802698
  5.62341e+09  4.38392e+09     7.79583e-01  2.52387e-01      -1.324229   -2.399352  3.81864e-01     3.759287
  6.30957e+09  4.44049e+09     7.03771e-01  2.53767e-01      -1.312660   -2.394908  3.44780e-01     3.716047
  7.07946e+09  4.49580e+09     6.35049e-01  2.55156e-01      -1.301011   -2.390709  3.11310e-01     3.673006
  7.94328e+09  4.55576e+09     5.73536e-01  2.56557e-01      -1.289274   -2.385953  2.81095e-01     3.630150
  8.91251e+09  4.61363e+09     5.17658e-01  2.57968e-01      -1.277448   -2.381554  2.53815e-01     3.587473
  1.00000e+10  4.67301e+09     4.67301e-01  2.59388e-01      -1.265539   -2.377024  2.29191e-01     3.545003
  1.12202e+10  4.73600e+09     4.22097e-01  2.60818e-01      -1.253538   -2.372088  2.06956e-01     3.502712
  1.25893e+10  4.79557e+09     3.80926e-01  2.62258e-01      -1.241446   -2.367680  1.86881e-01     3.460615
  1.41254e+10  4.85938e+09     3.44018e-01  2.63706e-01      -1.229267   -2.362785  1.68757e-01     3.418723
  1.58489e+10  4.92469e+09     3.10727e-01  2.65163e-01      -1.216991   -2.357771  1.52389e-01     3.377012
  1.77828e+10  4.98704e+09     2.80442e-01  2.66629e-01      -1.204625   -2.353214  1.37609e-01     3.335508
  1.99526e+10  5.05497e+09     2.53349e-01  2.68102e-01      -1.192165   -2.348008  1.24265e-01     3.294206
  2.23872e+10  5.12187e+09     2.28785e-01  2.69584e-01      -1.179605   -2.343009  1.12211e-01     3.253090
  2.51189e+10  5.18827e+09     2.06549e-01  2.71071e-01      -1.166953   -2.338143  1.01328e-01     3.212192
  2.81838e+10  5.26000e+09     1.86632e-01  2.72565e-01      -1.154201   -2.332671  9.14984e-02     3.171489
  3.16228e+10  5.32817e+09     1.68492e-01  2.74066e-01      -1.141348   -2.327723  8.26203e-02     3.130985
  3.54813e+10  5.39954e+09     1.52180e-01  2.75571e-01      -1.128399   -2.322438  7.46035e-02     3.090703
  3.98107e+10  5.47431e+09     1.37508e-01  2.77080e-01      -1.115343   -2.316799  6.73613e-02     3.050614
  4.46684e+10  5.54463e+09     1.24129e-01  2.78594e-01      -1.102185   -2.311782  6.08203e-02     3.010738
  5.01187e+10  5.62088e+09     1.12151e-01  2.80109e-01      -1.088926   -2.306093  5.49133e-02     2.971081
  5.62341e+10  5.69768e+09     1.01321e-01  2.81628e-01      -1.075555   -2.300404  4.95765e-02     2.931620
  6.30957e+10  5.77150e+09     9.14721e-02  2.83147e-01      -1.062082   -2.295141  4.47567e-02     2.892387
  7.07946e+10  5.85213e+09     8.26635e-02  2.84665e-01      -1.048500   -2.289108  4.04033e-02     2.853368
  7.94328e+10  5.92998e+09     7.46541e-02  2.86183e-01      -1.034803   -2.283471  3.64704e-02     2.814552
  8.91251e+10  6.00868e+09     6.74184e-02  2.87698e-01      -1.021002   -2.277785  3.29186e-02     2.775974
  1.00000e+11  6.09304e+09     6.09304e-02  2.89209e-01      -1.007083   -2.271473  2.97099e-02     2.737603
  1.12202e+11  6.17193e+09     5.50074e-02  2.90716e-01      -0.993049   -2.265864  2.68114e-02     2.699452
  1.25893e+11  6.25609e+09     4.96939e-02  2.92215e-01      -0.978904   -2.259671  2.41939e-02     2.661538
  1.41254e+11  6.34283e+09     4.49038e-02  2.93706e-01      -0.964636   -2.253217  2.18289e-02     2.623832
  1.58489e+11  6.42401e+09     4.05328e-02  2.95187e-01      -0.950252   -2.247454  1.96930e-02     2.586360
  1.77828e+11  6.51290e+09     3.66247e-02  2.96656e-01      -0.935749   -2.240819  1.77641e-02     2.549122
  1.99526e+11  6.60054e+09     3.30811e-02  2.98112e-01      -0.921118   -2.234359  1.60214e-02     2.512097
  2.23872e+11  6.68556e+09     2.98633e-02  2.99551e-01      -0.906370   -2.228222  1.44478e-02     2.475320
  2.51189e+11  6.77837e+09     2.69852e-02  3.00971e-01      -0.891494   -2.221202  1.30266e-02     2.438770
  2.81838e+11  6.86562e+09     2.43602e-02  3.02371e-01      -0.876487   -2.214829  1.17430e-02     2.402444
  3.16228e+11  6.95565e+09     2.19957e-02  3.03747e-01      -0.861358   -2.208136  1.05841e-02     2.366373
  3.54813e+11  7.05091e+09     1.98722e-02  3.05097e-01      -0.846094   -2.200843  9.53740e-03     2.330525
  3.98107e+11  7.13819e+09     1.79303e-02  3.06417e-01      -0.830697   -2.194436  8.59234e-03     2.294918
  4.46684e+11  7.23292e+09     1.61925e-02  3.07704e-01      -0.815172   -2.187161  7.73927e-03     2.259563
  5.01187e+11  7.32841e+09     1.46221e-02  3.08956e-01      -0.799502   -2.179767  6.96890e-03     2.224433
  5.62341e+11  7.41705e+09     1.31896e-02  3.10168e-01      -0.783701   -2.173090  6.27361e-03     2.189561
  6.30957e+11  7.51494e+09     1.19104e-02  3.11337e-01      -0.767760   -2.165320  5.64611e-03     2.154935
  7.07946e+11  7.60826e+09     1.07469e-02  3.12458e-01      -0.751671   -2.157988  5.07968e-03     2.120541
  7.94328e+11  7.69968e+09     9.69332e-03  3.13526e-01      -0.735448   -2.150774  4.56867e-03     2.086417
  8.91251e+11  7.79905e+09     8.75067e-03  3.14538e-01      -0.719075   -2.142581  4.10757e-03     2.052533
  1.00000e+12  7.88859e+09     7.88859e-03  3.15488e-01      -0.702551   -2.135349  3.69159e-03     2.018896
  1.12202e+12  7.98313e+09     7.11497e-03  3.16371e-01      -0.685886   -2.127428  3.31650e-03     1.985530
  1.25893e+12  8.08091e+09     6.41889e-03  3.17181e-01      -0.669061   -2.118998  2.97815e-03     1.952403
  1.41254e+12  8.16724e+09     5.78196e-03  3.17913e-01      -0.652086   -2.111636  2.67313e-03     1.919540
  1.58489e+12  8.26278e+09     5.21346e-03  3.18560e-01      -0.634959   -2.103068  2.39825e-03     1.886945
  1.77828e+12  8.35530e+09     4.69853e-03  3.19116e-01      -0.617665   -2.094604  2.15045e-03     1.854592
  1.99526e+12  8.43935e+09     4.22969e-03  3.19573e-01      -0.600220   -2.086805  1.92724e-03     1.822519
  2.23872e+12  8.53308e+09     3.81159e-03  3.19924e-01      -0.582611   -2.077676  1.72621e-03     1.790707
  2.51189e+12  8.61638e+09     3.43024e-03  3.20162e-01      -0.564830   -2.069365  1.54516e-03     1.759148
  2.81838e+12  8.69858e+09     3.08637e-03  3.20278e-01      -0.546894   -2.060827  1.38225e-03     1.727877
  3.16228e+12  8.78675e+09     2.77862e-03  3.20264e-01      -0.528780   -2.051264  1.23562e-03     1.696862
  3.54813e+12  8.85883e+09     2.49676e-03  3.20110e-01      -0.510495   -2.043023  1.10374e-03     1.666116
  3.98107e+12  8.93734e+09     2.24496e-03  3.19808e-01      -0.492045   -2.033629  9.85196e-04     1.635657
  4.46684e+12  9.01437e+09     2.01807e-03  3.19347e-01      -0.473407   -2.023893  8.78621e-04     1.605454
  5.01187e+12  9.07497e+09     1.81069e-03  3.18717e-01      -0.454597   -2.015390  7.82902e-04     1.575538
  5.62341e+12  9.14496e+09     1.62623e-03  3.17908e-01      -0.435609   -2.005272  6.96979e-04     1.545904
  6.30957e+12  9.20459e+09     1.45883e-03  3.16908e-01      -0.416425   -1.995626  6.19852e-04     1.516531
  7.07946e+12  9.25344e+09     1.30708e-03  3.15707e-01      -0.397069   -1.986454  5.50704e-04     1.487459
  7.94328e+12  9.30971e+09     1.17202e-03  3.14292e-01      -0.377518   -1.975700  4.88727e-04     1.458660
  8.91251e+12  9.34597e+09     1.04864e-03  3.12651e-01      -0.357770   -1.966312  4.33210e-04     1.430136
  1.00000e+13  9.38115e+09     9.38115e-04  3.10773e-01      -0.337841   -1.956151  3.83541e-04     1.401918
  1.12202e+13  9.41635e+09     8.39233e-04  3.08643e-01      -0.317704   -1.945004  3.39108e-04     1.373969
  1.25893e+13  9.42657e+09     7.48779e-04  3.06250e-01      -0.297369   -1.935605  2.99407e-04     1.346313
  1.41254e+13  9.44229e+09     6.68463e-04  3.03581e-01      -0.276842   -1.924460  2.63976e-04     1.318957
  1.58489e+13  9.44761e+09     5.96104e-04  3.00622e-01      -0.256093   -1.913261  2.32362e-04     1.291873
  1.77828e+13  9.42998e+09     5.30287e-04  2.97363e-01      -0.235150   -1.903400  2.04202e-04     1.265098
  1.99526e+13  9.41844e+09     4.72040e-04  2.93790e-01      -0.213995   -1.891421  1.79144e-04     1.238616
  2.23872e+13  9.38472e+09     4.19200e-04  2.89888e-01      -0.192613   -1.880523  1.56863e-04     1.212413
  2.51189e+13  9.33715e+09     3.71718e-04  2.85652e-01      -0.171033   -1.869682  1.37090e-04     1.186530
  2.81838e+13  9.29017e+09     3.29628e-04  2.81066e-01      -0.149223   -1.857017  1.19557e-04     1.160931
  3.16228e+13  9.21097e+09     2.91276e-04  2.76121e-01      -0.127185   -1.846464  1.04034e-04     1.135628
  3.54813e+13  9.12885e+09     2.57286e-04  2.70812e-01      -0.104939   -1.834338  9.03200e-05     1.110643
  3.98107e+13  9.03636e+09     2.26983e-04  2.65125e-01      -0.082446   -1.821399  7.82133e-05     1.085940
  4.46684e+13  8.90977e+09     1.99465e-04  2.59061e-01      -0.059729   -1.810709  6.75521e-05     1.061549
  5.01187e+13  8.78479e+09     1.75280e-04  2.52617e-01      -0.036785   -1.797475  5.81835e-05     1.037470
  5.62341e+13  8.63777e+09     1.53604e-04  2.45782e-01      -0.013583   -1.784720  4.99614e-05     1.013676
  6.30957e+13  8.46351e+09     1.34138e-04  2.38571e-01       0.009840   -1.773246  4.27678e-05     0.990208
  7.07946e+13  8.28914e+09     1.17087e-04  2.30981e-01       0.033514   -1.759039  3.64872e-05     0.967041
  7.94328e+13  8.08158e+09     1.01741e-04  2.23017e-01       0.057450   -1.746905  3.10165e-05     0.944169
  8.91251e+13  7.86029e+09     8.81939e-05  2.14703e-01       0.081612   -1.734026  2.62681e-05     0.921630
  1.00000e+14  7.63173e+09     7.63173e-05  2.06041e-01       0.106048   -1.719165  2.21553e-05     0.899382
  1.12202e+14  7.36603e+09     6.56498e-05  1.97059e-01       0.130741   -1.707408  1.86062e-05     0.877445
  1.25893e+14  7.09799e+09     5.63814e-05  1.87788e-01       0.155676   -1.692951  1.55554e-05     0.855836
  1.41254e+14  6.81398e+09     4.82392e-05  1.78242e-01       0.180904   -1.678052  1.29399e-05     0.834516
  1.58489e+14  6.49949e+09     4.10090e-05  1.68474e-01       0.206381   -1.665957  1.07087e-05     0.813523
  1.77828e+14  6.18767e+09     3.47958e-05  1.58520e-01       0.232126   -1.650207  8.81355e-06     0.792846
  1.99526e+14  5.85435e+09     2.93413e-05  1.48415e-01       0.258173   -1.635963  7.21012e-06     0.772462
  2.23872e+14  5.50617e+09     2.45951e-05  1.38233e-01       0.284466   -1.622596  5.86171e-06     0.752416
  2.51189e+14  5.16150e+09     2.05483e-05  1.28013e-01       0.311057   -1.605736  4.73312e-06     0.732672
  2.81838e+14  4.79532e+09     1.70144e-05  1.17818e-01       0.337946   -1.592557  3.79405e-06     0.713234
  3.16228e+14  4.43254e+09     1.40169e-05  1.07729e-01       0.365091   -1.577202  3.01827e-06     0.694133
  3.54813e+14  4.07254e+09     1.14780e-05  9.77914e-02       0.392561   -1.559912  2.38090e-06     0.675325
  3.98107e+14  3.70111e+09     9.29678e-06  8.80894e-02       0.420317   -1.547108  1.86153e-06     0.656839
  4.46684e+14  3.34555e+09     7.48975e-06  7.86956e-02       0.448354   -1.529918  1.44187e-06     0.638679
  5.01187e+14  2.99532e+09     5.97645e-06  6.96596e-02       0.476733   -1.513084  1.10521e-06     0.620808
  5.62341e+14  2.64990e+09     4.71227e-06  6.10706e-02       0.505384   -1.499548  8.37993e-07     0.603274
  6.30957e+14  2.32740e+09     3.68868e-06  5.29760e-02       0.534351   -1.480794  6.27969e-07     0.586049
  7.07946e+14  2.01572e+09     2.84727e-06  4.54229e-02       0.563665   -1.465457  4.64570e-07     0.569119
  7.94328e+14  1.72479e+09     2.17139e-06  3.84762e-02       0.593247   -1.449866  3.39104e-07     0.552530
  8.91251e+14  1.45974e+09     1.63785e-06  3.21501e-02       0.623184   -1.429936  2.43873e-07     0.536235
  1.00000e+15  1.21254e+09     1.21254e-06  2.64730e-02       0.653453   -1.416132  1.72613e-07     0.520246
  1.12202e+15  9.94395e+08     8.86255e-07  2.14615e-02       0.684010   -1.397776  1.20143e-07     0.504590
  1.25893e+15  8.01931e+08     6.36996e-07  1.70952e-02       0.714952   -1.377864  8.20615e-08     0.489216
  1.41254e+15  6.32288e+08     4.47625e-07  1.33675e-02       0.746201   -1.364354  5.49460e-08     0.474164
  1.58489e+15  4.90608e+08     3.09553e-07  1.02434e-02       0.777776   -1.343794  3.60165e-08     0.459427
  1.77828e+15  3.71612e+08     2.08973e-07  7.67363e-03       0.809751   -1.325393  2.30534e-08     0.444969
  1.99526e+15  2.74353e+08     1.37502e-07  5.61486e-03       0.842010   -1.310356  1.43915e-08     0.430844
  2.23872e+15  1.98107e+08     8.84909e-08  4.00106e-03       0.874643   -1.287825  8.74172e-09     0.417011
  2.51189e+15  1.38365e+08     5.50841e-08  2.76944e-03       0.907669   -1.272335  5.15234e-09     0.403464
  2.81838e+15  9.38980e+07     3.33163e-08  1.85959e-03       0.940978   -1.253927  2.94233e-09     0.390246
  3.16228e+15  6.17094e+07     1.95142e-08  1.20588e-03       0.974713   -1.230417  1.62157e-09     0.377301
  3.54813e+15  3.88507e+07     1.09496e-08  7.53440e-04       1.008805   -1.216904  8.59976e-10     0.364655
  3.98107e+15  2.36122e+07     5.93113e-09  4.52314e-04       1.043216   -1.194815  4.37957e-10     0.352320
  4.46684e+15  1.37084e+07     3.06893e-09  2.59363e-04       1.078087   -1.172307  2.12955e-10     0.340246
  5.01187e+15  7.55031e+06     1.50649e-09  1.41798e-04       1.113269   -1.158724  9.85700e-11     0.328483
  5.62341e+15  3.96677e+06     7.05403e-10  7.35001e-05       1.148830   -1.133732  4.32727e-11     0.317007
  6.30957e+15  1.95570e+06     3.09958e-10  3.58751e-05       1.184856   -1.114899  1.78887e-11     0.305790
  7.07946e+15  9.05258e+05     1.27871e-10  1.64597e-05       1.221160   -1.098151  6.94297e-12     0.294888
  7.94328e+15  3.92198e+05     4.93748e-11  7.02899e-06       1.257917   -1.070535  2.51182e-12     0.284246
  8.91251e+15  1.55983e+05     1.75016e-11  2.77546e-06       1.295105   -1.056573  8.39908e-13     0.273869
  1.00000e+16  5.73877e+04     5.73877e-12  1.00943e-06       1.332585   -1.034075  2.58898e-13     0.263795
  1.12202e+16  1.92123e+04     1.71230e-12  3.33229e-07       1.370586   -1.006288  7.26212e-14     0.253958
  1.25893e+16  5.76159e+03     4.57660e-13  9.93635e-08       1.408947   -0.994881  1.83722e-14     0.244401
  1.41254e+16  1.55753e+03     1.10264e-13  2.65019e-08       1.447661   -0.967722  4.17410e-15     0.235120
  1.58489e+16  3.69060e+02     2.32861e-14  6.20486e-09       1.486932   -0.943214  8.35338e-16     0.226065
  1.77828e+16  7.61356e+01     4.28142e-15  1.27195e-09       1.526482   -0.930139  1.46150e-16     0.217299
  1.99526e+16  1.35869e+01     6.80958e-16  2.23535e-10       1.566493   -0.898160  2.20902e-17     0.208776
  2.23872e+16  2.02176e+00     9.03089e-17  3.29933e-11       1.607052   -0.881010  2.80847e-18     0.200478
  2.51189e+16  2.52195e-01     1.00401e-17  4.07708e-12       1.647857   -0.860997  2.99751e-19     0.192462
  2.81838e+16  2.55617e-02     9.06964e-19  4.06550e-13       1.689246   -0.825794  2.60748e-20     0.184659
  3.16228e+16  2.03216e-03     6.42625e-20  3.21799e-14       1.731093   -0.816278  1.79416e-21     0.177091
  3.54813e+16  1.27639e-04     3.59735e-21  1.99521e-15       1.773228   -0.787827  9.76633e-23     0.169784
  3.98107e+16  5.96803e-06     1.49910e-22  9.20001e-17       1.816009   -0.756804  3.98171e-24     0.162674
  4.46684e+16  2.04403e-07     4.57600e-24  3.14984e-18       1.859031   -0.756001  1.19556e-25     0.155824
  5.01187e+16  5.09038e-09     1.01567e-25  7.75697e-20       1.902311   -0.730747  2.61635e-27     0.149223
  5.62341e+16  8.59103e-11     1.52773e-27  1.30391e-21       1.946038   -0.721649  3.89937e-29     0.142839
  6.30957e+16  1.00337e-12     1.59023e-29  1.52672e-23       1.989622   -0.727395  4.02995e-31     0.136747
  7.07946e+16  7.66792e-15     1.08312e-31  1.15372e-25       2.033459   -0.701735  2.73016e-33     0.130882
  7.94328e+16  3.54283e-17     4.46016e-34  5.34699e-28       2.077594   -0.708785  1.12077e-35     0.125231
  8.91251e+16  1.02015e-19     1.14463e-36  1.53115e-30       2.121599   -0.696067  2.86950e-38     0.119840
  1.00000e+17  1.58417e-22     1.58417e-39  2.34162e-33       2.166164   -0.660566  3.96605e-41     0.114616
  1.12202e+17  1.25888e-25     1.12198e-42  1.86711e-36       2.210989   -0.668486  2.80693e-44     0.109592
  1.25893e+17  5.01642e-29     3.98468e-46  7.32327e-40       2.256015   -0.631283  9.96453e-48     0.104767
  1.41254e+17  7.97035e-33     5.64258e-50  1.14456e-43       2.301930   -0.591959  1.41081e-51     0.100066
  1.58489e+17  5.13607e-37     3.24064e-54  7.37643e-48       2.348023   -0.592266  8.10192e-56     0.095558
  1.77828e+17  1.15367e-41     6.48755e-59  1.62019e-52       2.394701   -0.537705  1.62190e-60     0.091200
  1.99526e+17  6.89036e-47     3.45336e-64  9.58888e-58       2.442353   -0.515159  8.63343e-66     0.086956
  2.23872e+17  1.20254e-52     5.37155e-70  1.66068e-63       2.490077   -0.495985  1.34289e-71     0.082904
  2.51189e+17  4.11220e-59     1.63710e-76  5.52695e-70       2.538787   -0.427161  4.09274e-78     0.078962
  2.81838e+17  2.25170e-66     7.98933e-84  3.03252e-77       2.588264   -0.432380  1.99733e-85     0.075150
  3.16228e+17  2.11932e-74     6.70188e-92  2.80524e-85       2.637834   -0.387537  1.67547e-93     0.071516
  3.54813e+17  1.68287e-83    4.74297e-101  2.17120e-94       2.688669   -0.319755 1.18574e-102     0.067971
  3.98107e+17  1.15617e-93    2.90416e-111 1.50282e-104       2.739846   -0.339662 7.26039e-113     0.064580
  4.46684e+17 5.37136e-105    1.20250e-122 6.82327e-116       2.791394   -0.277824 3.00625e-124     0.061336
  5.01187e+17 6.51869e-118    1.30065e-135 8.15038e-129       2.844288   -0.234287 3.25163e-137     0.058176
  5.62341e+17 3.18079e-132    5.65634e-150 3.99586e-143       2.896980   -0.247358 1.41409e-151     0.055190
  6.30957e+17 2.16209e-148    3.42669e-166 2.63499e-159       2.950548   -0.162608 8.56672e-168     0.052311
  7.07946e+17 8.10489e-167    1.14485e-184 9.91800e-178       3.005274   -0.174159 2.86212e-186     0.049525
  7.94328e+17 3.77362e-187    4.75071e-205 4.58654e-198       3.059438   -0.154900 1.18768e-206     0.046914
  8.91251e+17 2.00244e-210    2.24678e-228 2.35183e-221       3.115017   -0.055723 1.94266e-231     0.044378