  0.714286E-04  0.203653E+08  0.203653E+08  0.264077E+08  0.264066E+08  0.000000E+00  0.203653E+08
  0.996866E-04  0.203639E+08  0.203639E+08  0.257161E+08  0.257141E+08  0.000000E+00  0.203639E+08
  0.139124E-03  0.203611E+08  0.203611E+08  0.244161E+08  0.244124E+08  0.000000E+00  0.203611E+08
  0.194163E-03  0.203557E+08  0.203557E+08  0.220545E+08  0.220481E+08  0.000000E+00  0.203557E+08
  0.270976E-03  0.203454E+08  0.203453E+08  0.180443E+08  0.180348E+08  0.000000E+00  0.203454E+08
  0.378178E-03  0.203259E+08  0.203259E+08  0.120995E+08  0.120895E+08  0.000000E+00  0.203259E+08
  0.527790E-03  0.202901E+08  0.202901E+08  0.545798E+07  0.545485E+07  0.000000E+00  0.202901E+08
  0.736590E-03  0.202269E+08  0.202268E+08  0.151746E+07  0.152214E+07  0.000000E+00  0.202269E+08
  0.102799E-02  0.201204E+08  0.201203E+08  0.846236E+06  0.843291E+06  0.000000E+00  0.201204E+08
  0.143468E-02  0.199484E+08  0.199481E+08  0.158386E+06  0.160609E+06  0.000000E+00  0.199483E+08
  0.200226E-02  0.196794E+08  0.196789E+08  0.000000E+00  0.000000E+00  0.000000E+00  0.196793E+08
  0.279438E-02  0.192730E+08  0.192719E+08  0.000000E+00  0.000000E+00  0.000000E+00  0.192728E+08
  0.389987E-02  0.186802E+08  0.186783E+08  0.000000E+00  0.000000E+00  0.000000E+00  0.186799E+08
  0.423878E-02  0.184967E+08  0.184944E+08  0.000000E+00  0.000000E+00  0.000000E+00  0.184963E+08
  0.460715E-02  0.182973E+08  0.182946E+08  0.000000E+00  0.000000E+00  0.000000E+00  0.182968E+08
  0.500753E-02  0.180811E+08  0.180780E+08  0.000000E+00  0.000000E+00  0.000000E+00  0.180806E+08
  0.544270E-02  0.178474E+08  0.178438E+08  0.000000E+00  0.000000E+00  0.000000E+00  0.178468E+08
  0.591570E-02  0.175953E+08  0.175910E+08  0.000000E+00  0.000000E+00  0.000000E+00  0.175946E+08
  0.642980E-02  0.173239E+08  0.173189E+08  0.000000E+00  0.000000E+00  0.000000E+00  0.173230E+08
  0.698857E-02  0.170323E+08  0.170265E+08  0.000000E+00  0.000000E+00  0.000000E+00  0.170313E+08
  0.759591E-02  0.167198E+08  0.167131E+08  0.000000E+00  0.000000E+00  0.000000E+00  0.167187E+08
  0.825602E-02  0.163856E+08  0.163777E+08  0.000000E+00  0.000000E+00  0.000000E+00  0.163843E+08
  0.897350E-02  0.160287E+08  0.160196E+08  0.000000E+00  0.000000E+00  0.000000E+00  0.160272E+08
  0.975334E-02  0.156486E+08  0.156380E+08  0.000000E+00  0.000000E+00  0.000000E+00  0.156468E+08
  0.106009E-01  0.152442E+08  0.152320E+08  0.000000E+00  0.000000E+00  0.000000E+00  0.152422E+08
  0.115222E-01  0.148150E+08  0.148009E+08  0.000000E+00  0.000000E+00  0.000000E+00  0.148127E+08
  0.125235E-01  0.143604E+08  0.143442E+08  0.000000E+00  0.000000E+00  0.000000E+00  0.143577E+08
  0.136119E-01  0.138797E+08  0.138612E+08  0.000000E+00  0.000000E+00  0.000000E+00  0.138766E+08
  0.147948E-01  0.133728E+08  0.133517E+08  0.000000E+00  0.000000E+00  0.000000E+00  0.133693E+08
  0.160805E-01  0.128397E+08  0.128157E+08  0.000000E+00  0.000000E+00  0.000000E+00  0.128357E+08
  0.174780E-01  0.122809E+08  0.122538E+08  0.000000E+00  0.000000E+00  0.000000E+00  0.122764E+08
  0.189969E-01  0.116976E+08  0.116673E+08  0.000000E+00  0.000000E+00  0.000000E+00  0.116925E+08
  0.206478E-01  0.110919E+08  0.110582E+08  0.000000E+00  0.000000E+00  0.000000E+00  0.110862E+08
  0.224422E-01  0.104669E+08  0.104299E+08  0.000000E+00  0.000000E+00  0.000000E+00  0.104607E+08
  0.243925E-01  0.982757E+07  0.978734E+07  0.000000E+00  0.000000E+00  0.000000E+00  0.982082E+07
  0.265123E-01  0.918014E+07  0.913706E+07  0.000000E+00  0.000000E+00  0.000000E+00  0.917291E+07
  0.288163E-01  0.853301E+07  0.848764E+07  0.000000E+00  0.000000E+00  0.000000E+00  0.852540E+07
  0.313206E-01  0.789647E+07  0.784965E+07  0.000000E+00  0.000000E+00  0.000000E+00  0.788861E+07
  0.340425E-01  0.727690E+07  0.722975E+07  0.000000E+00  0.000000E+00  0.000000E+00  0.726899E+07
  0.370009E-01  0.669037E+07  0.664424E+07  0.000000E+00  0.000000E+00  0.000000E+00  0.668262E+07
  0.402164E-01  0.615175E+07  0.610816E+07  0.000000E+00  0.000000E+00  0.000000E+00  0.614443E+07
  0.437114E-01  0.566964E+07  0.563013E+07  0.000000E+00  0.000000E+00  0.000000E+00  0.566301E+07
  0.475101E-01  0.524600E+07  0.521187E+07  0.000000E+00  0.000000E+00  0.000000E+00  0.524027E+07
  0.516389E-01  0.487635E+07  0.484840E+07  0.000000E+00  0.000000E+00  0.000000E+00  0.487166E+07
  0.561266E-01  0.455055E+07  0.452878E+07  0.000000E+00  0.000000E+00  0.000000E+00  0.454690E+07
  0.608885E-01  0.425584E+07  0.423916E+07  0.000000E+00  0.000000E+00  0.000000E+00  0.425304E+07
  0.656504E-01  0.398106E+07  0.396749E+07  0.000000E+00  0.000000E+00  0.000000E+00  0.397878E+07
  0.704123E-01  0.370990E+07  0.369751E+07  0.000000E+00  0.000000E+00  0.000000E+00  0.370782E+07
  0.751742E-01  0.344150E+07  0.342873E+07  0.000000E+00  0.000000E+00  0.000000E+00  0.343935E+07
  0.799361E-01  0.317625E+07  0.316223E+07  0.000000E+00  0.000000E+00  0.000000E+00  0.317390E+07
  0.846980E-01  0.292297E+07  0.290752E+07  0.000000E+00  0.000000E+00  0.000000E+00  0.292037E+07
  0.894599E-01  0.269499E+07  0.267854E+07  0.000000E+00  0.000000E+00  0.000000E+00  0.269222E+07
  0.942218E-01  0.250093E+07  0.248431E+07  0.000000E+00  0.000000E+00  0.000000E+00  0.249814E+07
  0.989837E-01  0.234233E+07  0.232644E+07  0.000000E+00  0.000000E+00  0.000000E+00  0.233966E+07
  0.103746E+00  0.221584E+07  0.220146E+07  0.000000E+00  0.000000E+00  0.000000E+00  0.221342E+07
  0.108508E+00  0.211544E+07  0.210303E+07  0.000000E+00  0.000000E+00  0.000000E+00  0.211336E+07
  0.113269E+00  0.203288E+07  0.202252E+07  0.000000E+00  0.000000E+00  0.000000E+00  0.203114E+07
  0.118031E+00  0.195830E+07  0.194971E+07  0.000000E+00  0.000000E+00  0.000000E+00  0.195686E+07
  0.122793E+00  0.188357E+07  0.187623E+07  0.000000E+00  0.000000E+00  0.000000E+00  0.188234E+07
  0.127555E+00  0.180466E+07  0.179795E+07  0.000000E+00  0.000000E+00  0.000000E+00  0.180354E+07
  0.132317E+00  0.172075E+07  0.171409E+07  0.000000E+00  0.000000E+00  0.000000E+00  0.171963E+07
  0.137079E+00  0.163327E+07  0.162627E+07  0.000000E+00  0.000000E+00  0.000000E+00  0.163209E+07
  0.141841E+00  0.154556E+07  0.153803E+07  0.000000E+00  0.000000E+00  0.000000E+00  0.154429E+07
  0.146603E+00  0.146186E+07  0.145385E+07  0.000000E+00  0.000000E+00  0.000000E+00  0.146052E+07
  0.151365E+00  0.138628E+07  0.137802E+07  0.000000E+00  0.000000E+00  0.000000E+00  0.138489E+07
  0.156127E+00  0.132146E+07  0.131326E+07  0.000000E+00  0.000000E+00  0.000000E+00  0.132009E+07
  0.160888E+00  0.126783E+07  0.126000E+07  0.000000E+00  0.000000E+00  0.000000E+00  0.126651E+07
  0.165650E+00  0.122396E+07  0.121676E+07  0.000000E+00  0.000000E+00  0.000000E+00  0.122276E+07
  0.170412E+00  0.118723E+07  0.118078E+07  0.000000E+00  0.000000E+00  0.000000E+00  0.118615E+07
  0.175174E+00  0.115445E+07  0.114875E+07  0.000000E+00  0.000000E+00  0.000000E+00  0.115349E+07
  0.179936E+00  0.112279E+07  0.111772E+07  0.000000E+00  0.000000E+00  0.000000E+00  0.112194E+07
  0.184698E+00  0.109012E+07  0.108547E+07  0.000000E+00  0.000000E+00  0.000000E+00  0.108934E+07
  0.189460E+00  0.105519E+07  0.105075E+07  0.000000E+00  0.000000E+00  0.000000E+00  0.105444E+07
  0.194222E+00  0.101796E+07  0.101354E+07  0.000000E+00  0.000000E+00  0.000000E+00  0.101722E+07
  0.198984E+00  0.979444E+06  0.974914E+06  0.000000E+00  0.000000E+00  0.000000E+00  0.978683E+06
  0.203746E+00  0.941194E+06  0.936504E+06  0.000000E+00  0.000000E+00  0.000000E+00  0.940406E+06
  0.208508E+00  0.904734E+06  0.899914E+06  0.000000E+00  0.000000E+00  0.000000E+00  0.903925E+06
  0.216847E+00  0.848651E+06  0.843822E+06  0.000000E+00  0.000000E+00  0.000000E+00  0.847840E+06
  0.225519E+00  0.803248E+06  0.798766E+06  0.000000E+00  0.000000E+00  0.000000E+00  0.802496E+06
  0.234539E+00  0.766157E+06  0.762238E+06  0.000000E+00  0.000000E+00  0.000000E+00  0.765499E+06
  0.243919E+00  0.731124E+06  0.727701E+06  0.000000E+00  0.000000E+00  0.000000E+00  0.730549E+06
  0.253675E+00  0.692841E+06  0.689643E+06  0.000000E+00  0.000000E+00  0.000000E+00  0.692304E+06
  0.263821E+00  0.651003E+06  0.647795E+06  0.000000E+00  0.000000E+00  0.000000E+00  0.650464E+06
  0.274372E+00  0.610107E+06  0.606880E+06  0.000000E+00  0.000000E+00  0.000000E+00  0.609565E+06
  0.285345E+00  0.574781E+06  0.571710E+06  0.000000E+00  0.000000E+00  0.000000E+00  0.574265E+06
  0.296758E+00  0.545244E+06  0.542476E+06  0.000000E+00  0.000000E+00  0.000000E+00  0.544779E+06
  0.308627E+00  0.517305E+06  0.514803E+06  0.000000E+00  0.000000E+00  0.000000E+00  0.516884E+06
  0.320970E+00  0.487912E+06  0.485527E+06  0.000000E+00  0.000000E+00  0.000000E+00  0.487511E+06
  0.333807E+00  0.458106E+06  0.455764E+06  0.000000E+00  0.000000E+00  0.000000E+00  0.457713E+06
  0.347158E+00  0.431070E+06  0.428837E+06  0.000000E+00  0.000000E+00  0.000000E+00  0.430695E+06
  0.361042E+00  0.407453E+06  0.405401E+06  0.000000E+00  0.000000E+00  0.000000E+00  0.407108E+06
  0.375482E+00  0.384897E+06  0.382997E+06  0.000000E+00  0.000000E+00  0.000000E+00  0.384578E+06
  0.390499E+00  0.362144E+06  0.360327E+06  0.000000E+00  0.000000E+00  0.000000E+00  0.361839E+06
  0.406117E+00  0.340480E+06  0.338744E+06  0.000000E+00  0.000000E+00  0.000000E+00  0.340188E+06
  0.422360E+00  0.320930E+06  0.319312E+06  0.000000E+00  0.000000E+00  0.000000E+00  0.320658E+06
  0.527463E+00  0.227431E+06  0.226285E+06  0.000000E+00  0.000000E+00  0.000000E+00  0.227239E+06
  0.658722E+00  0.160039E+06  0.159235E+06  0.000000E+00  0.000000E+00  0.000000E+00  0.159904E+06
  0.822644E+00  0.111911E+06  0.111349E+06  0.000000E+00  0.000000E+00  0.000000E+00  0.111817E+06
  0.102736E+01  0.778187E+05  0.774278E+05  0.000000E+00  0.000000E+00  0.000000E+00  0.777531E+05
  0.128302E+01  0.538396E+05  0.535692E+05  0.000000E+00  0.000000E+00  0.000000E+00  0.537942E+05
  0.160229E+01  0.370809E+05  0.368947E+05  0.000000E+00  0.000000E+00  0.000000E+00  0.370497E+05
  0.200102E+01  0.254341E+05  0.253064E+05  0.000000E+00  0.000000E+00  0.000000E+00  0.254126E+05
  0.249897E+01  0.173803E+05  0.172931E+05  0.000000E+00  0.000000E+00  0.000000E+00  0.173657E+05
  0.312084E+01  0.118366E+05  0.117772E+05  0.000000E+00  0.000000E+00  0.000000E+00  0.118266E+05
  0.389746E+01  0.803626E+04  0.799588E+04  0.000000E+00  0.000000E+00  0.000000E+00  0.802948E+04
  0.486734E+01  0.544066E+04  0.541330E+04  0.000000E+00  0.000000E+00  0.000000E+00  0.543607E+04
  0.607857E+01  0.367389E+04  0.365539E+04  0.000000E+00  0.000000E+00  0.000000E+00  0.367079E+04
  0.759121E+01  0.247495E+04  0.246245E+04  0.000000E+00  0.000000E+00  0.000000E+00  0.247285E+04
  0.948028E+01  0.166362E+04  0.165519E+04  0.000000E+00  0.000000E+00  0.000000E+00  0.166220E+04
  0.118394E+02  0.111599E+04  0.111030E+04  0.000000E+00  0.000000E+00  0.000000E+00  0.111503E+04
